-0.050865,0.88623,0.46045,194.78,0.093734,0.46324,-0.88125,134.8,-0.9943,-0.0017951,-0.10671,-62.286,0,0,0,1
-0.045064,0.88362,0.466,185.49,0.093647,0.4682,-0.87869,135.65,-0.99459,0.0037089,-0.10372,-61.127,0,0,0,1
-0.039442,0.88123,0.47098,176.44,0.093499,0.4726,-0.87637,136.46,-0.99484,0.008969,-0.10076,-60.021,0,0,0,1
-0.034106,0.87949,0.47464,167.86,0.093216,0.47571,-0.87472,137.19,-0.99506,0.013798,-0.097845,-59.017,0,0,0,1
-0.029139,0.87879,0.47629,159.98,0.092726,0.47686,-0.87414,137.78,-0.99527,0.018043,-0.094972,-58.151,0,0,0,1
-0.024587,0.87947,0.47534,152.95,0.091963,0.47547,-0.87497,138.19,-0.99546,0.021596,-0.09214,-57.45,0,0,0,1
-0.020463,0.88175,0.47132,146.88,0.090878,0.47108,-0.87743,138.38,-0.99565,0.024406,-0.089333,-56.924,0,0,0,1
-0.016739,0.88575,0.46395,141.84,0.089439,0.46341,-0.88163,138.3,-0.99585,0.026477,-0.086533,-56.569,0,0,0,1
-0.013353,0.89143,0.45308,137.83,0.087644,0.45231,-0.88753,137.94,-0.99606,0.027873,-0.083722,-56.369,0,0,0,1
-0.010211,0.89861,0.43875,134.78,0.085516,0.43781,-0.89496,137.27,-0.99628,0.028708,-0.080886,-56.294,0,0,0,1
-0.007203,0.90699,0.42118,132.6,0.083112,0.42013,-0.90362,136.31,-0.99651,0.029135,-0.078024,-56.31,0,0,0,1
-0.0042084,0.91621,0.40074,131.17,0.080516,0.39963,-0.9131,135.06,-0.99674,0.029336,-0.075155,-56.376,0,0,0,1
-0.0011125,0.92582,0.37798,130.33,0.077835,0.37682,-0.92298,133.57,-0.99697,0.029502,-0.072318,-56.453,0,0,0,1
0.0021845,0.9354,0.35354,129.94,0.075196,0.35234,-0.93283,131.88,-0.99717,0.029819,-0.069578,-56.506,0,0,0,1
0.0057596,0.94457,0.32815,129.85,0.072734,0.3269,-0.94224,130.06,-0.99733,0.030457,-0.067019,-56.507,0,0,0,1
0.0096634,0.95303,0.30258,129.96,0.070584,0.30124,-0.95092,128.18,-0.99746,0.031554,-0.064736,-56.438,0,0,0,1
0.01392,0.96056,0.27756,130.15,0.068868,0.2761,-0.95865,126.3,-0.99753,0.033213,-0.062831,-56.289,0,0,0,1
0.018528,0.96705,0.25375,130.37,0.067691,0.25211,-0.96532,124.5,-0.99753,0.035499,-0.061391,-56.059,0,0,0,1
0.023468,0.97247,0.23171,130.56,0.067124,0.22983,-0.9709,122.83,-0.99747,0.038437,-0.060489,-55.757,0,0,0,1
0.028701,0.97687,0.21185,130.72,0.067206,0.20966,-0.97545,121.34,-0.99733,0.042019,-0.060164,-55.395,0,0,0,1
0.034181,0.98033,0.19443,130.83,0.067932,0.19186,-0.97905,120.06,-0.9971,0.046204,-0.060423,-54.989,0,0,0,1
0.03985,0.98297,0.17955,130.91,0.069259,0.17655,-0.98184,119,-0.9968,0.050924,-0.061239,-54.558,0,0,0,1
0.045644,0.98491,0.16719,130.97,0.071109,0.16371,-0.98394,118.16,-0.99642,0.056088,-0.062549,-54.119,0,0,0,1
0.051494,0.98628,0.15722,131.02,0.07338,0.15319,-0.98547,117.54,-0.99597,0.061584,-0.064269,-53.689,0,0,0,1
0.057323,0.98717,0.14938,131.09,0.075949,0.14479,-0.98655,117.1,-0.99546,0.067287,-0.066295,-53.282,0,0,0,1
0.063053,0.9877,0.14339,131.17,0.078693,0.13821,-0.98729,116.83,-0.9949,0.073062,-0.06852,-52.908,0,0,0,1
0.068601,0.98796,0.13891,131.29,0.08149,0.13313,-0.98777,116.69,-0.99431,0.078769,-0.070839,-52.577,0,0,0,1
0.073887,0.98803,0.13558,131.43,0.084234,0.12921,-0.98806,116.65,-0.9937,0.084276,-0.073156,-52.292,0,0,0,1
0.078836,0.98797,0.13308,131.61,0.086834,0.12614,-0.98823,116.67,-0.9931,0.089461,-0.075393,-52.057,0,0,0,1
0.083381,0.98784,0.13112,131.8,0.08922,0.12363,-0.98833,116.72,-0.99252,0.094217,-0.077484,-51.87,0,0,0,1
0.08747,0.9877,0.12942,132.01,0.091341,0.12144,-0.98841,116.78,-0.99197,0.098465,-0.079384,-51.729,0,0,0,1
0.091064,0.98758,0.1278,132.22,0.093163,0.11937,-0.98848,116.83,-0.99148,0.10215,-0.081058,-51.629,0,0,0,1
0.094146,0.98751,0.1261,132.43,0.094664,0.11728,-0.98858,116.85,-0.99105,0.10524,-0.082484,-51.564,0,0,0,1
0.096716,0.9875,0.12423,132.62,0.095832,0.11508,-0.98872,116.82,-0.99069,0.10774,-0.083645,-51.528,0,0,0,1
0.098792,0.98756,0.12213,132.8,0.096659,0.11272,-0.98891,116.74,-0.9904,0.10967,-0.084529,-51.512,0,0,0,1
0.10041,0.98769,0.1198,132.95,0.097143,0.11018,-0.98914,116.6,-0.99019,0.11108,-0.085126,-51.512,0,0,0,1
0.10161,0.98788,0.11723,133.06,0.097281,0.10747,-0.98942,116.4,-0.99006,0.11202,-0.085429,-51.52,0,0,0,1
0.10246,0.98812,0.11445,133.15,0.097079,0.10462,-0.98975,116.14,-0.98999,0.11256,-0.085434,-51.533,0,0,0,1
0.10302,0.98841,0.1115,133.21,0.096544,0.10166,-0.99011,115.81,-0.98998,0.11277,-0.085144,-51.548,0,0,0,1
0.10335,0.98872,0.10841,133.25,0.095698,0.098615,-0.9905,115.43,-0.99003,0.11273,-0.084572,-51.561,0,0,0,1
0.1035,0.98905,0.10522,133.26,0.094573,0.095515,-0.99092,115,-0.99012,0.1125,-0.083746,-51.572,0,0,0,1
0.10354,0.98939,0.10197,133.25,0.09322,0.092386,-0.99134,114.52,-0.99025,0.11214,-0.082712,-51.582,0,0,0,1
0.1035,0.98973,0.09868,133.22,0.091708,0.08925,-0.99177,114,-0.99039,0.11171,-0.081533,-51.59,0,0,0,1
0.10342,0.99005,0.095386,133.19,0.090126,0.086125,-0.9922,113.47,-0.99055,0.11124,-0.080295,-51.598,0,0,0,1
0.10332,0.99037,0.092116,133.15,0.08858,0.083026,-0.9926,112.93,-0.9907,0.11076,-0.079098,-51.609,0,0,0,1
0.10321,0.99068,0.088899,133.1,0.087186,0.079966,-0.99298,112.39,-0.99083,0.1103,-0.078056,-51.624,0,0,0,1
0.10311,0.99096,0.085761,133.06,0.086065,0.07696,-0.99331,111.89,-0.99094,0.10986,-0.077284,-51.646,0,0,0,1
0.103,0.99123,0.082724,133.01,0.085327,0.074016,-0.9936,111.43,-0.99101,0.10945,-0.076891,-51.675,0,0,0,1
0.10288,0.99148,0.079806,132.97,0.085063,0.071142,-0.99383,111.02,-0.99105,0.10907,-0.076966,-51.713,0,0,0,1
0.10275,0.99172,0.077015,132.93,0.085333,0.068342,-0.99401,110.67,-0.99104,0.10871,-0.077564,-51.761,0,0,0,1
0.10258,0.99194,0.074352,132.89,0.086147,0.065614,-0.99412,110.4,-0.99099,0.10835,-0.078698,-51.818,0,0,0,1
0.10236,0.99216,0.071807,132.85,0.087465,0.062954,-0.99418,110.18,-0.99089,0.10799,-0.080327,-51.886,0,0,0,1
0.10209,0.99236,0.06936,132.81,0.089189,0.060353,-0.99419,110.01,-0.99077,0.10759,-0.082354,-51.964,0,0,0,1
0.10174,0.99256,0.066981,132.76,0.091172,0.057798,-0.99416,109.87,-0.99062,0.10714,-0.084634,-52.052,0,0,0,1
0.10129,0.99276,0.064636,132.7,0.093221,0.055274,-0.99411,109.74,-0.99048,0.1066,-0.086976,-52.15,0,0,0,1
0.10075,0.99297,0.062287,132.63,0.095122,0.052769,-0.99407,109.59,-0.99035,0.10596,-0.08917,-52.261,0,0,0,1
0.10009,0.99318,0.059899,132.55,0.096659,0.050268,-0.99405,109.39,-0.99027,0.10518,-0.091001,-52.385,0,0,0,1
0.099299,0.9934,0.057438,132.45,0.097635,0.04776,-0.99408,109.11,-0.99026,0.10425,-0.092277,-52.526,0,0,0,1
0.098377,0.99364,0.054879,132.32,0.097899,0.045235,-0.99417,108.74,-0.99032,0.10315,-0.092847,-52.685,0,0,0,1
0.097317,0.99388,0.052204,132.17,0.097355,0.042685,-0.99433,108.26,-0.99048,0.10186,-0.092616,-52.865,0,0,0,1
0.096122,0.99414,0.049405,131.99,0.095977,0.040103,-0.99457,107.67,-0.99073,0.1004,-0.091558,-53.065,0,0,0,1
0.0948,0.9944,0.046479,131.79,0.093804,0.037482,-0.99488,106.96,-0.99107,0.098771,-0.089714,-53.286,0,0,0,1
0.093366,0.99468,0.043429,131.56,0.09094,0.034814,-0.99525,106.15,-0.99147,0.096997,-0.087184,-53.526,0,0,0,1
0.091841,0.99495,0.040262,131.3,0.087536,0.032088,-0.99564,105.26,-0.99192,0.095108,-0.08412,-53.782,0,0,0,1
0.090253,0.99522,0.036985,131.01,0.083776,0.02929,-0.99605,104.3,-0.99239,0.09314,-0.080703,-54.052,0,0,0,1
0.088633,0.99549,0.033603,130.71,0.079859,0.026404,-0.99645,103.3,-0.99286,0.091136,-0.077131,-54.332,0,0,0,1
0.087013,0.99574,0.030123,130.39,0.075979,0.023413,-0.99683,102.28,-0.99331,0.089136,-0.073595,-54.617,0,0,0,1
0.085423,0.99599,0.026547,130.06,0.072309,0.0203,-0.99717,101.26,-0.99372,0.087178,-0.070268,-54.903,0,0,0,1
0.08389,0.99621,0.022878,129.72,0.068993,0.017053,-0.99747,100.26,-0.99408,0.085292,-0.067293,-55.188,0,0,0,1
0.082433,0.99641,0.01912,129.37,0.066131,0.013663,-0.99772,99.294,-0.9944,0.083503,-0.064768,-55.469,0,0,0,1
0.081068,0.9966,0.015278,129.03,0.063784,0.010129,-0.99791,98.364,-0.99467,0.081826,-0.062753,-55.743,0,0,0,1
0.079804,0.99675,0.011362,128.7,0.061967,0.0064605,-0.99806,97.479,-0.99488,0.080272,-0.061264,-56.008,0,0,0,1
0.078644,0.99688,0.0073859,128.37,0.060661,0.0026721,-0.99815,96.639,-0.99506,0.078842,-0.060279,-56.262,0,0,0,1
0.07759,0.99699,0.0033674,128.06,0.059817,-0.0012125,-0.99821,95.842,-0.99519,0.077535,-0.059749,-56.506,0,0,0,1
0.07664,0.99707,-0.00067249,127.77,0.059364,-0.0051644,-0.99822,95.083,-0.99529,0.076347,-0.059602,-56.738,0,0,0,1
0.075793,0.99712,-0.0047114,127.48,0.059219,-0.0091524,-0.9982,94.357,-0.99536,0.075274,-0.059755,-56.958,0,0,0,1
0.075044,0.99715,-0.0087284,127.22,0.059294,-0.013146,-0.99815,93.656,-0.99542,0.074308,-0.060118,-57.167,0,0,0,1
0.074391,0.99715,-0.012706,126.98,0.059504,-0.017119,-0.99808,92.973,-0.99545,0.073444,-0.060607,-57.365,0,0,0,1
0.073831,0.99713,-0.016633,126.75,0.059768,-0.021052,-0.99799,92.302,-0.99548,0.072675,-0.061142,-57.552,0,0,0,1
0.073359,0.99709,-0.020504,126.54,0.060018,-0.024932,-0.99789,91.634,-0.9955,0.071995,-0.061654,-57.729,0,0,0,1
0.072972,0.99703,-0.024319,126.35,0.060194,-0.028753,-0.99777,90.963,-0.99552,0.071398,-0.062087,-57.896,0,0,0,1
0.072665,0.99695,-0.028086,126.17,0.060251,-0.03252,-0.99766,90.283,-0.99553,0.070877,-0.062398,-58.055,0,0,0,1
0.072434,0.99686,-0.031814,126.01,0.060152,-0.036237,-0.99753,89.59,-0.99556,0.070428,-0.062551,-58.205,0,0,0,1
0.072275,0.99674,-0.035516,125.86,0.059873,-0.039915,-0.99741,88.876,-0.99559,0.070047,-0.062526,-58.346,0,0,0,1
0.072183,0.99661,-0.039205,125.71,0.059398,-0.043567,-0.99729,88.139,-0.99562,0.069731,-0.062308,-58.478,0,0,0,1
0.072156,0.99647,-0.042896,125.58,0.058719,-0.047206,-0.99716,87.373,-0.99566,0.069477,-0.061893,-58.6,0,0,0,1
0.072186,0.9963,-0.046605,125.45,0.057837,-0.050849,-0.99703,86.575,-0.99571,0.069282,-0.061281,-58.713,0,0,0,1
0.072267,0.99612,-0.050349,125.32,0.056759,-0.054516,-0.9969,85.739,-0.99577,0.069144,-0.060483,-58.816,0,0,0,1
0.072386,0.99591,-0.054152,125.19,0.055501,-0.058229,-0.99676,84.861,-0.99583,0.069054,-0.059513,-58.909,0,0,0,1
0.072529,0.99569,-0.058038,125.05,0.054084,-0.062016,-0.99661,83.936,-0.9959,0.069002,-0.058394,-58.991,0,0,0,1
0.072676,0.99544,-0.062038,124.9,0.052535,-0.065911,-0.99644,82.958,-0.99597,0.068973,-0.05715,-59.065,0,0,0,1
0.072803,0.99516,-0.06619,124.73,0.050883,-0.069951,-0.99625,81.921,-0.99605,0.068947,-0.05581,-59.131,0,0,0,1
0.072881,0.99486,-0.070529,124.53,0.049162,-0.074175,-0.99602,80.821,-0.99613,0.068899,-0.054405,-59.19,0,0,0,1
0.072881,0.99453,-0.075094,124.31,0.047401,-0.078623,-0.99577,79.652,-0.99621,0.068804,-0.052963,-59.246,0,0,0,1
0.072772,0.99416,-0.079921,124.04,0.04563,-0.083332,-0.99547,78.409,-0.9963,0.06863,-0.051509,-59.298,0,0,0,1
0.072525,0.99374,-0.085039,123.74,0.043868,-0.088332,-0.99512,77.09,-0.9964,0.068352,-0.050061,-59.35,0,0,0,1
0.07212,0.99328,-0.09047,123.39,0.04213,-0.093644,-0.99471,75.693,-0.99651,0.067946,-0.04863,-59.402,0,0,0,1
0.071543,0.99277,-0.096224,122.99,0.040419,-0.099278,-0.99424,74.217,-0.99662,0.067394,-0.047217,-59.456,0,0,0,1
0.070792,0.99221,-0.1023,122.54,0.038726,-0.10523,-0.9937,72.664,-0.99674,0.066688,-0.045816,-59.511,0,0,0,1
0.069881,0.99158,-0.10868,122.06,0.037035,-0.11149,-0.99308,71.038,-0.99687,0.065831,-0.044409,-59.566,0,0,0,1
0.068834,0.99089,-0.11535,121.55,0.035322,-0.11803,-0.99239,69.344,-0.997,0.06484,-0.042978,-59.618,0,0,0,1
0.067694,0.99013,-0.12228,121.01,0.033559,-0.12482,-0.99163,67.586,-0.99714,0.063741,-0.041498,-59.664,0,0,0,1
0.066511,0.9893,-0.12944,120.46,0.031715,-0.13182,-0.99078,65.771,-0.99728,0.062572,-0.039947,-59.701,0,0,0,1
0.065344,0.98838,-0.1368,119.91,0.029761,-0.13903,-0.98986,63.899,-0.99742,0.06138,-0.038307,-59.721,0,0,0,1
0.064251,0.98739,-0.14437,119.36,0.027672,-0.14644,-0.98885,61.971,-0.99755,0.060213,-0.036562,-59.721,0,0,0,1
0.063284,0.98629,-0.15217,118.81,0.025428,-0.15406,-0.98775,59.979,-0.99767,0.059119,-0.034702,-59.694,0,0,0,1
0.062481,0.98509,-0.16023,118.27,0.023009,-0.16194,-0.98654,57.908,-0.99778,0.058142,-0.032719,-59.633,0,0,0,1
0.06186,0.98374,-0.16866,117.72,0.020398,-0.17018,-0.9852,55.734,-0.99788,0.057313,-0.030601,-59.532,0,0,0,1
0.061409,0.98223,-0.17757,117.13,0.017571,-0.17891,-0.9837,53.418,-0.99796,0.056656,-0.028333,-59.384,0,0,0,1
0.06109,0.98051,-0.18715,116.47,0.014498,-0.18829,-0.98199,50.914,-0.99803,0.056178,-0.025883,-59.182,0,0,0,1
0.060834,0.9785,-0.1976,115.7,0.011135,-0.19853,-0.98001,48.16,-0.99809,0.055876,-0.023205,-58.919,0,0,0,1
0.060544,0.97614,-0.20915,114.76,0.0074215,-0.20987,-0.97768,45.088,-0.99814,0.055739,-0.020229,-58.586,0,0,0,1
0.060105,0.97333,-0.22205,113.58,0.0032786,-0.22254,-0.97489,41.622,-0.99819,0.055751,-0.016865,-58.174,0,0,0,1
0.059388,0.96995,-0.23655,112.11,-0.0013879,-0.2368,-0.97153,37.685,-0.99823,0.055892,-0.013001,-57.674,0,0,0,1
0.058262,0.96587,-0.25287,110.26,-0.0066829,-0.25286,-0.96746,33.205,-0.99828,0.056146,-0.0085125,-57.077,0,0,0,1
0.056605,0.96096,-0.27118,107.97,-0.012712,-0.27087,-0.96252,28.124,-0.99832,0.0565,-0.003271,-56.374,0,0,0,1
0.054316,0.95505,-0.29157,105.19,-0.01957,-0.29092,-0.95655,22.408,-0.99833,0.056944,0.0028407,-55.559,0,0,0,1
0.051323,0.94802,-0.314,101.89,-0.027325,-0.31297,-0.94937,16.049,-0.99831,0.057474,0.0099115,-54.628,0,0,0,1
0.047598,0.93975,-0.33833,98.043,-0.036,-0.33689,-0.94086,9.0788,-0.99822,0.058083,0.017982,-53.582,0,0,0,1
0.043156,0.93018,-0.36425,93.68,-0.045564,-0.36237,-0.93091,1.5717,-0.99803,0.058769,0.027029,-52.426,0,0,0,1
0.038066,0.91932,-0.39132,88.85,-0.055917,-0.38898,-0.91951,-6.3547,-0.99771,0.059523,0.036948,-51.174,0,0,0,1
0.032446,0.90729,-0.41893,83.643,-0.066885,-0.41616,-0.90677,-14.542,-0.99723,0.060331,0.047552,-49.845,0,0,0,1
0.026462,0.89431,-0.44641,78.186,-0.078229,-0.44325,-0.89291,-22.798,-0.99658,0.061176,0.058575,-48.469,0,0,0,1
0.02031,0.88073,-0.47303,72.634,-0.089647,-0.46955,-0.87829,-30.91,-0.99577,0.062032,0.06969,-47.079,0,0,0,1
0.01421,0.86699,-0.49806,67.163,-0.10081,-0.49435,-0.86339,-38.661,-0.9948,0.062872,0.080534,-45.716,0,0,0,1
0.0083793,0.85359,-0.52089,61.954,-0.11136,-0.51704,-0.84879,-45.842,-0.99374,0.063665,0.09075,-44.421,0,0,0,1
