0.12371,-0.88999,-0.43886,-88.134,-0.016762,0.44032,-0.89769,105.04,0.99218,0.11847,0.039482,-5.1983,0,0,0,1
0.12319,-0.8953,-0.42807,-84.865,-0.015596,0.42956,-0.90291,105.99,0.99226,0.11799,0.038942,-5.2777,0,0,0,1
0.12266,-0.90044,-0.41729,-81.686,-0.014418,0.41882,-0.90796,106.94,0.99234,0.11747,0.038428,-5.3504,0,0,0,1
0.12218,-0.90547,-0.40642,-78.696,-0.013206,0.40798,-0.9129,107.85,0.99242,0.11697,0.037965,-5.4022,0,0,0,1
0.12179,-0.91042,-0.39533,-75.97,-0.011928,0.39693,-0.91777,108.73,0.99248,0.11652,0.037586,-5.422,0,0,0,1
0.12153,-0.91532,-0.38394,-73.557,-0.010545,0.3856,-0.9226,109.54,0.99253,0.11616,0.037331,-5.4029,0,0,0,1
0.12144,-0.92018,-0.37221,-71.479,-0.0090159,0.37394,-0.9274,110.26,0.99256,0.11594,0.037247,-5.3421,0,0,0,1
0.12156,-0.92497,-0.3601,-69.726,-0.0072993,0.36194,-0.93216,110.88,0.99256,0.11587,0.03738,-5.2408,0,0,0,1
0.12192,-0.92969,-0.34761,-68.271,-0.0053582,0.34959,-0.93688,111.36,0.99253,0.11599,0.037772,-5.1032,0,0,0,1
0.12256,-0.93432,-0.33476,-67.069,-0.0031642,0.33692,-0.94152,111.68,0.99246,0.11632,0.038452,-4.9351,0,0,0,1
0.12347,-0.93883,-0.32156,-66.068,-0.00069994,0.32394,-0.94607,111.83,0.99235,0.11688,0.039436,-4.7427,0,0,0,1
0.12468,-0.94321,-0.30801,-65.216,0.0020387,0.31065,-0.95051,111.79,0.9922,0.1177,0.040721,-4.5314,0,0,0,1
0.12615,-0.94745,-0.29409,-64.468,0.0050435,0.29705,-0.95484,111.55,0.992,0.11877,0.042286,-4.3055,0,0,0,1
0.12788,-0.95154,-0.27979,-63.787,0.0082955,0.28311,-0.95905,111.12,0.99176,0.12011,0.044092,-4.0677,0,0,0,1
0.12982,-0.95548,-0.26505,-63.147,0.011769,0.26877,-0.96313,110.48,0.99147,0.1217,0.046094,-3.8191,0,0,0,1
0.13193,-0.95928,-0.24984,-62.532,0.015435,0.25399,-0.96709,109.66,0.99114,0.12355,0.048237,-3.5598,0,0,0,1
0.13417,-0.96293,-0.2341,-61.936,0.019267,0.23873,-0.9709,108.66,0.99077,0.12561,0.050472,-3.2895,0,0,0,1
0.13648,-0.96641,-0.21782,-61.359,0.02324,0.22295,-0.97456,107.51,0.99037,0.12787,0.052753,-3.0077,0,0,0,1
0.1388,-0.9697,-0.20102,-60.804,0.027332,0.20666,-0.97804,106.23,0.98994,0.13027,0.055043,-2.7142,0,0,0,1
0.14109,-0.97278,-0.18375,-60.274,0.03152,0.18993,-0.9813,104.84,0.98949,0.13277,0.057315,-2.41,0,0,0,1
0.1433,-0.97561,-0.16613,-59.774,0.035779,0.17287,-0.9843,103.38,0.98903,0.13531,0.059546,-2.0966,0,0,0,1
0.14539,-0.97815,-0.14833,-59.305,0.040071,0.15563,-0.98701,101.88,0.98856,0.13785,0.061716,-1.7769,0,0,0,1
0.14733,-0.98038,-0.13057,-58.868,0.044351,0.13844,-0.98938,100.37,0.98809,0.14033,0.063804,-1.4549,0,0,0,1
0.14909,-0.98227,-0.11313,-58.463,0.048558,0.12156,-0.9914,98.882,0.98763,0.1427,0.065785,-1.1356,0,0,0,1
0.15066,-0.98383,-0.096286,-58.085,0.05262,0.10525,-0.99305,97.459,0.98718,0.14493,0.06763,-0.8251,0,0,0,1
0.15203,-0.98505,-0.080341,-57.734,0.056455,0.08982,-0.99436,96.13,0.98676,0.14697,0.069306,-0.52992,0,0,0,1
0.15319,-0.98598,-0.065571,-57.406,0.059984,0.075518,-0.99533,94.922,0.98637,0.1488,0.07078,-0.25702,0,0,0,1
0.15416,-0.98664,-0.052214,-57.099,0.063129,0.062575,-0.99604,93.857,0.98603,0.15041,0.072022,-0.01326,0,0,0,1
0.15494,-0.98709,-0.040448,-56.812,0.065829,0.051163,-0.99651,92.95,0.98573,0.15179,0.073006,0.19504,0,0,0,1
0.15555,-0.98737,-0.030383,-56.542,0.068038,0.041384,-0.99682,92.207,0.98548,0.15294,0.073716,0.36252,0,0,0,1
0.156,-0.98753,-0.022055,-56.29,0.069735,0.03327,-0.997,91.63,0.98529,0.15387,0.074147,0.48516,0,0,0,1
0.15631,-0.98762,-0.015423,-56.054,0.070922,0.026782,-0.99712,91.209,0.98516,0.15458,0.074307,0.56062,0,0,0,1
0.1565,-0.98766,-0.010379,-55.832,0.071624,0.021815,-0.99719,90.933,0.98508,0.15511,0.074213,0.58844,0,0,0,1
0.15659,-0.98767,-0.0067593,-55.623,0.071888,0.018212,-0.99724,90.781,0.98504,0.15548,0.073892,0.57008,0,0,0,1
0.15661,-0.98768,-0.0043581,-55.424,0.071773,0.015774,-0.99729,90.734,0.98505,0.15571,0.073378,0.50879,0,0,0,1
0.15658,-0.98768,-0.0029437,-55.235,0.071351,0.014281,-0.99735,90.769,0.98508,0.15583,0.07271,0.40938,0,0,0,1
0.15651,-0.98769,-0.0022746,-55.052,0.070696,0.0135,-0.99741,90.861,0.98514,0.15587,0.071928,0.27778,0,0,0,1
0.15643,-0.98769,-0.0021147,-54.876,0.069884,0.013207,-0.99747,90.99,0.98521,0.15585,0.07107,0.12064,0,0,0,1
0.15633,-0.9877,-0.0022455,-54.704,0.068982,0.01319,-0.99753,91.135,0.98529,0.1558,0.070171,-0.055219,0,0,0,1
0.15623,-0.98771,-0.0024755,-54.536,0.068052,0.013269,-0.9976,91.281,0.98537,0.15572,0.069262,-0.24325,0,0,0,1
0.15613,-0.98772,-0.0026467,-54.373,0.06714,0.01329,-0.99766,91.412,0.98545,0.15565,0.068365,-0.4376,0,0,0,1
0.15603,-0.98774,-0.0026371,-54.212,0.066285,0.013136,-0.99772,91.521,0.98553,0.15557,0.067496,-0.63343,0,0,0,1
0.15592,-0.98776,-0.0023607,-54.055,0.065507,0.012724,-0.99777,91.599,0.9856,0.15548,0.066664,-0.82715,0,0,0,1
0.15578,-0.98778,-0.001765,-53.902,0.064818,0.012003,-0.99783,91.643,0.98566,0.15539,0.065871,-1.0165,0,0,0,1
0.15561,-0.98781,-0.00082698,-53.751,0.064217,0.010948,-0.99788,91.651,0.98573,0.15528,0.065112,-1.2006,0,0,0,1
0.15538,-0.98785,0.00045261,-53.604,0.063697,0.0095585,-0.99793,91.625,0.9858,0.15513,0.064379,-1.3799,0,0,0,1
0.15507,-0.9879,0.0020549,-53.458,0.063242,0.0078493,-0.99797,91.567,0.98588,0.15492,0.063661,-1.5557,0,0,0,1
0.15467,-0.98795,0.0039489,-53.314,0.062832,0.005848,-0.99801,91.48,0.98597,0.15463,0.062944,-1.7305,0,0,0,1
0.15415,-0.98803,0.0060969,-53.171,0.062449,0.0035881,-0.99804,91.366,0.98607,0.15425,0.062216,-1.9069,0,0,0,1
0.15351,-0.98811,0.0084595,-53.028,0.062072,0.0011055,-0.99807,91.231,0.9862,0.15374,0.061465,-2.0881,0,0,0,1
0.15272,-0.98821,0.010999,-52.884,0.061685,-0.0015656,-0.9981,91.076,0.98634,0.1531,0.060683,-2.2769,0,0,0,1
0.15179,-0.98832,0.013683,-52.738,0.061277,-0.0043944,-0.99811,90.904,0.98651,0.15233,0.059865,-2.4756,0,0,0,1
0.15072,-0.98844,0.016486,-52.59,0.060843,-0.007355,-0.99812,90.717,0.9867,0.15142,0.059012,-2.6856,0,0,0,1
0.14953,-0.98857,0.019386,-52.44,0.060386,-0.010426,-0.99812,90.515,0.98691,0.15039,0.058132,-2.9073,0,0,0,1
0.14824,-0.9887,0.02237,-52.29,0.059915,-0.013591,-0.99811,90.297,0.98714,0.14927,0.057237,-3.1394,0,0,0,1
0.14689,-0.98883,0.025428,-52.141,0.059451,-0.016834,-0.99809,90.063,0.98736,0.14809,0.056348,-3.3788,0,0,0,1
0.14555,-0.98894,0.028553,-51.994,0.059019,-0.02014,-0.99805,89.811,0.98759,0.14692,0.055489,-3.6211,0,0,0,1
0.14428,-0.98903,0.031738,-51.853,0.058653,-0.023492,-0.998,89.54,0.9878,0.14583,0.054693,-3.8596,0,0,0,1
0.14317,-0.98908,0.034973,-51.722,0.058393,-0.02687,-0.99793,89.248,0.98797,0.14489,0.053995,-4.0866,0,0,0,1
0.1423,-0.98909,0.038247,-51.604,0.058279,-0.03025,-0.99784,88.934,0.98811,0.1442,0.053433,-4.2928,0,0,0,1
0.14177,-0.98903,0.041545,-51.504,0.058355,-0.033605,-0.99773,88.595,0.98818,0.14386,0.053045,-4.4687,0,0,0,1
0.14166,-0.9889,0.044851,-51.426,0.05866,-0.036904,-0.99759,88.233,0.98818,0.14395,0.052867,-4.6045,0,0,0,1
0.14206,-0.98868,0.048144,-51.374,0.059228,-0.040116,-0.99744,87.847,0.98808,0.14455,0.05293,-4.6916,0,0,0,1
0.14303,-0.98838,0.051406,-51.349,0.060086,-0.043215,-0.99726,87.437,0.98789,0.14573,0.053254,-4.7229,0,0,0,1
0.1446,-0.98798,0.054621,-51.354,0.061244,-0.046179,-0.99705,87.004,0.98759,0.14753,0.053849,-4.6941,0,0,0,1
0.14676,-0.98748,0.057779,-51.386,0.062699,-0.048998,-0.99683,86.549,0.98718,0.14993,0.054712,-4.6045,0,0,0,1
0.14947,-0.98689,0.060877,-51.442,0.064431,-0.051673,-0.99658,86.073,0.98666,0.15289,0.055821,-4.4573,0,0,0,1
0.15264,-0.98622,0.063921,-51.516,0.066402,-0.054222,-0.99632,85.577,0.98605,0.15633,0.057141,-4.26,0,0,0,1
0.15615,-0.98547,0.066928,-51.601,0.068556,-0.05668,-0.99603,85.062,0.98535,0.16012,0.058619,-4.0245,0,0,0,1
0.15982,-0.98467,0.069926,-51.687,0.070826,-0.059095,-0.99573,84.527,0.9846,0.16408,0.060191,-3.7666,0,0,0,1
0.16347,-0.98386,0.072952,-51.764,0.073135,-0.06153,-0.99542,83.972,0.98383,0.16804,0.061785,-3.5045,0,0,0,1
0.16688,-0.98305,0.076052,-51.82,0.075402,-0.064059,-0.99509,83.394,0.98309,0.17178,0.063326,-3.2582,0,0,0,1
0.16987,-0.98228,0.079276,-51.844,0.077551,-0.06676,-0.99475,82.79,0.98241,0.17511,0.064743,-3.0474,0,0,0,1
0.17224,-0.98159,0.082676,-51.828,0.079518,-0.069708,-0.99439,82.156,0.98184,0.17783,0.065977,-2.8901,0,0,0,1
0.17386,-0.98099,0.086301,-51.763,0.081253,-0.072973,-0.99402,81.487,0.98141,0.17981,0.06698,-2.8006,0,0,0,1
0.17461,-0.9805,0.090193,-51.643,0.082728,-0.076611,-0.99362,80.777,0.98116,0.18095,0.067728,-2.7885,0,0,0,1
0.17446,-0.98013,0.094384,-51.466,0.083936,-0.08066,-0.9932,80.018,0.98108,0.18121,0.068217,-2.8574,0,0,0,1
0.17343,-0.97987,0.098894,-51.229,0.084895,-0.085136,-0.99274,79.204,0.98118,0.18059,0.068467,-3.0047,0,0,0,1
0.17159,-0.97969,0.10373,-50.936,0.085643,-0.090035,-0.99224,78.33,0.98144,0.17918,0.068516,-3.2217,0,0,0,1
0.16905,-0.97957,0.10888,-50.59,0.086234,-0.095331,-0.9917,77.388,0.98183,0.17709,0.068419,-3.4947,0,0,0,1
0.16598,-0.97947,0.11433,-50.195,0.08673,-0.10098,-0.9911,76.374,0.98231,0.17449,0.068239,-3.8059,0,0,0,1
0.16255,-0.97936,0.12004,-49.757,0.087198,-0.10693,-0.99043,75.283,0.98284,0.17154,0.068044,-4.1353,0,0,0,1
0.15893,-0.9792,0.12599,-49.284,0.0877,-0.11312,-0.9897,74.112,0.98339,0.16842,0.067897,-4.4626,0,0,0,1
0.1553,-0.97898,0.13214,-48.782,0.088292,-0.11951,-0.98891,72.856,0.98391,0.1653,0.067853,-4.7684,0,0,0,1
0.15179,-0.97865,0.13847,-48.256,0.089021,-0.12603,-0.98803,71.514,0.9844,0.16233,0.067956,-5.0356,0,0,0,1
0.1485,-0.97822,0.14497,-47.711,0.089924,-0.13268,-0.98708,70.082,0.98481,0.15962,0.068241,-5.2503,0,0,0,1
0.14553,-0.97767,0.15162,-47.15,0.091032,-0.13943,-0.98605,68.557,0.98516,0.15725,0.068728,-5.4021,0,0,0,1
0.14291,-0.97698,0.15847,-46.574,0.092373,-0.1463,-0.98492,66.936,0.98542,0.15529,0.069432,-5.4839,0,0,0,1
0.14066,-0.97614,0.16554,-45.987,0.093974,-0.15332,-0.98369,65.215,0.98559,0.15376,0.07036,-5.492,0,0,0,1
0.13877,-0.97515,0.1729,-45.387,0.095865,-0.16055,-0.98234,63.389,0.98567,0.15268,0.071516,-5.4255,0,0,0,1
0.13721,-0.97398,0.1806,-44.775,0.098077,-0.16805,-0.98085,61.455,0.98567,0.15205,0.072901,-5.2857,0,0,0,1
0.13596,-0.97263,0.18871,-44.151,0.10064,-0.17587,-0.9792,59.408,0.98559,0.15186,0.074514,-5.0761,0,0,0,1
0.13496,-0.97107,0.19729,-43.515,0.10358,-0.1841,-0.97737,57.247,0.98542,0.1521,0.076351,-4.8016,0,0,0,1
0.13416,-0.96929,0.20639,-42.864,0.10692,-0.19276,-0.97532,54.972,0.98517,0.15272,0.078404,-4.4691,0,0,0,1
0.13349,-0.96727,0.21603,-42.194,0.11067,-0.2019,-0.97305,52.584,0.98485,0.15368,0.080661,-4.0871,0,0,0,1
0.13289,-0.96502,0.22619,-41.501,0.11479,-0.21151,-0.97053,50.087,0.98446,0.1549,0.0831,-3.666,0,0,0,1
0.13224,-0.96254,0.23685,-40.774,0.11925,-0.22158,-0.96776,47.489,0.98402,0.15629,0.085692,-3.218,0,0,0,1
0.13143,-0.95983,0.24793,-40.001,0.12396,-0.23206,-0.96474,44.796,0.98354,0.15771,0.088397,-2.7572,0,0,0,1
0.13034,-0.95693,0.25935,-39.163,0.12882,-0.24291,-0.96147,42.015,0.98306,0.15901,0.091169,-2.2995,0,0,0,1
0.12882,-0.95386,0.27103,-38.234,0.13367,-0.25408,-0.95798,39.153,0.98262,0.16,0.09395,-1.8621,0,0,0,1
0.12669,-0.95066,0.28288,-37.185,0.13835,-0.26553,-0.95427,36.211,0.98225,0.16045,0.096675,-1.4628,0,0,0,1
0.12378,-0.94736,0.29487,-35.976,0.14266,-0.27725,-0.95037,33.185,0.982,0.16015,0.099277,-1.1193,0,0,0,1
0.11991,-0.94397,0.30697,-34.564,0.14639,-0.28928,-0.94627,30.065,0.98193,0.15885,0.10168,-0.84778,0,0,0,1
0.11491,-0.9405,0.31921,-32.896,0.14932,-0.30169,-0.94198,26.834,0.98209,0.15633,0.10382,-0.66256,0,0,0,1
0.10865,-0.93692,0.33168,-30.921,0.15126,-0.31459,-0.93746,23.471,0.9825,0.15238,0.10563,-0.5746,0,0,0,1
0.10102,-0.93315,0.3445,-28.583,0.15201,-0.32811,-0.93267,19.948,0.9832,0.14685,0.10704,-0.59087,0,0,0,1
0.091943,-0.92911,0.3578,-25.83,0.15143,-0.34243,-0.92753,16.239,0.98418,0.13963,0.108,-0.71367,0,0,0,1
0.081432,-0.92466,0.37175,-22.619,0.14941,-0.35768,-0.92198,12.32,0.98542,0.13066,0.10846,-0.94014,0,0,0,1
0.069548,-0.91964,0.38648,-18.919,0.14591,-0.37397,-0.9159,8.1736,0.98685,0.11998,0.1084,-1.2622,0,0,0,1
0.056431,-0.91391,0.40209,-14.716,0.14094,-0.39136,-0.90923,3.7971,0.98841,0.10772,0.10781,-1.6668,0,0,0,1
0.042287,-0.90731,0.41859,-10.022,0.13458,-0.40981,-0.90188,-0.79691,0.99,0.094069,0.1067,-2.1362,0,0,0,1
0.027389,-0.89974,0.43593,-4.8753,0.12701,-0.42916,-0.89382,-5.5755,0.99152,0.079317,0.10512,-2.6494,0,0,0,1
0.012059,-0.89117,0.45392,0.65464,0.11844,-0.44917,-0.88505,-10.484,0.99289,0.063819,0.10312,-3.1835,0,0,0,1
-0.0033493,-0.88164,0.4723,6.4668,0.10918,-0.46948,-0.87566,-15.448,0.99402,0.047981,0.10078,-3.7151,0,0,0,1
-0.018468,-0.87132,0.49069,12.431,0.099526,-0.48965,-0.86578,-20.374,0.99486,0.032236,0.098212,-4.2227,0,0,0,1
-0.03294,-0.86048,0.50868,18.395,0.089836,-0.5092,-0.85564,-25.156,0.99541,0.017017,0.095521,-4.6882,0,0,0,1
-0.046439,-0.84946,0.52581,24.191,0.080439,-0.52765,-0.84552,-29.686,0.99568,0.0027234,0.092824,-5.0986,0,0,0,1
-0.058687,-0.83867,0.54164,29.651,0.071643,-0.54455,-0.83575,-33.859,0.9957,-0.010301,0.09023,-5.4467,0,0,0,1
