-0.081167,0.88067,0.46676,546.92,0.035054,0.47049,-0.88169,-477.3,-0.99608,-0.055293,-0.068969,-66.09,0,0,0,1
-0.077381,0.88159,0.46563,541.01,0.030778,0.46892,-0.88272,-477.5,-0.99653,-0.054047,-0.063225,-62.917,0,0,0,1
-0.073395,0.88255,0.46442,535.18,0.026617,0.46728,-0.88375,-477.68,-0.99695,-0.052566,-0.057496,-59.727,0,0,0,1
-0.069026,0.88367,0.4629,529.42,0.022696,0.46536,-0.88489,-477.93,-0.99736,-0.050627,-0.05182,-56.525,0,0,0,1
-0.064131,0.88509,0.46084,523.67,0.019127,0.46293,-0.88628,-478.32,-0.99776,-0.048048,-0.046243,-53.319,0,0,0,1
-0.05862,0.88693,0.45799,517.85,0.016005,0.45974,-0.88802,-478.96,-0.99815,-0.044709,-0.040821,-50.131,0,0,0,1
-0.052473,0.88927,0.45413,511.87,0.013399,0.45558,-0.89022,-479.92,-0.99853,-0.040558,-0.035615,-46.992,0,0,0,1
-0.045736,0.8922,0.44907,505.62,0.011351,0.45024,-0.89297,-481.29,-0.99889,-0.035617,-0.030693,-43.941,0,0,0,1
-0.03852,0.89574,0.44264,499.01,0.0098755,0.44357,-0.89632,-483.14,-0.99921,-0.029979,-0.026126,-41.027,0,0,0,1
-0.030988,0.89989,0.43477,491.92,0.0089594,0.43547,-0.90027,-485.49,-0.99948,-0.023794,-0.021981,-38.298,0,0,0,1
-0.023338,0.90459,0.42542,484.3,0.0085662,0.42592,-0.90481,-488.35,-0.99969,-0.017258,-0.018316,-35.806,0,0,0,1
-0.015785,0.90977,0.41465,476.11,0.0086398,0.41497,-0.90985,-491.69,-0.99984,-0.010589,-0.015181,-33.596,0,0,0,1
-0.0085415,0.9153,0.40259,467.35,0.0091097,0.40275,-0.91529,-495.46,-0.99992,-0.0040107,-0.012607,-31.703,0,0,0,1
-0.0017966,0.92104,0.38945,458.09,0.0098977,0.38946,-0.92099,-499.55,-0.99995,0.0022679,-0.010604,-30.152,0,0,0,1
0.0042966,0.92684,0.37549,448.42,0.010923,0.37538,-0.92678,-503.86,-0.99993,0.0080695,-0.0091648,-28.954,0,0,0,1
0.009633,0.93255,0.36102,438.48,0.012108,0.3608,-0.93252,-508.27,-0.99988,0.013261,-0.0082602,-28.104,0,0,0,1
0.014161,0.93804,0.34637,428.44,0.013383,0.34607,-0.93807,-512.67,-0.99981,0.017762,-0.007844,-27.583,0,0,0,1
0.017882,0.9432,0.33187,418.48,0.014691,0.33151,-0.94329,-516.93,-0.99973,0.021545,-0.007856,-27.362,0,0,0,1
0.020848,0.94796,0.31783,408.79,0.01599,0.31744,-0.94811,-520.96,-0.99965,0.024636,-0.008228,-27.401,0,0,0,1
0.02315,0.95225,0.30453,399.55,0.017253,0.30411,-0.95246,-524.7,-0.99958,0.027105,-0.0088892,-27.657,0,0,0,1
0.02491,0.95605,0.29218,390.9,0.01847,0.29174,-0.95631,-528.09,-0.99952,0.029057,-0.0097716,-28.087,0,0,0,1
0.026268,0.95937,0.28095,382.96,0.019647,0.28049,-0.95966,-531.11,-0.99946,0.030619,-0.010815,-28.649,0,0,0,1
0.027367,0.96221,0.27091,375.81,0.020798,0.27044,-0.96253,-533.74,-0.99941,0.031927,-0.011969,-29.307,0,0,0,1
0.028344,0.96461,0.26211,369.49,0.021951,0.2616,-0.96495,-535.98,-0.99936,0.033113,-0.013195,-30.033,0,0,0,1
0.029319,0.96661,0.25451,364,0.023133,0.25396,-0.96696,-537.88,-0.9993,0.034297,-0.014468,-30.807,0,0,0,1
0.030389,0.96826,0.24802,359.3,0.024373,0.24741,-0.96863,-539.44,-0.99924,0.035576,-0.015772,-31.614,0,0,0,1
0.031625,0.96961,0.24254,355.33,0.025695,0.24185,-0.96999,-540.72,-0.99917,0.037023,-0.017098,-32.445,0,0,0,1
0.033069,0.97071,0.2379,352,0.027114,0.23712,-0.97111,-541.75,-0.99909,0.038685,-0.018442,-33.296,0,0,0,1
0.034743,0.97161,0.23396,349.2,0.028636,0.23307,-0.97204,-542.58,-0.99899,0.040583,-0.0198,-34.16,0,0,0,1
0.036646,0.97236,0.23057,346.83,0.030253,0.22954,-0.97283,-543.25,-0.99887,0.042716,-0.021165,-35.032,0,0,0,1
0.038763,0.97299,0.22757,344.79,0.031944,0.2264,-0.9735,-543.8,-0.99874,0.045068,-0.022524,-35.898,0,0,0,1
0.04107,0.97353,0.22485,342.99,0.033677,0.22353,-0.9741,-544.27,-0.99859,0.047612,-0.023855,-36.744,0,0,0,1
0.04354,0.97401,0.22231,341.36,0.03541,0.22084,-0.97465,-544.69,-0.99842,0.050311,-0.025132,-37.548,0,0,0,1
0.046139,0.97444,0.21989,339.84,0.037094,0.21825,-0.97517,-545.07,-0.99825,0.053128,-0.02632,-38.284,0,0,0,1
0.048837,0.97484,0.21755,338.4,0.038679,0.21575,-0.97567,-545.44,-0.99806,0.056021,-0.027385,-38.927,0,0,0,1
0.0516,0.9752,0.21527,337.01,0.040119,0.21331,-0.97615,-545.81,-0.99786,0.058952,-0.028293,-39.453,0,0,0,1
0.054396,0.97554,0.21304,335.67,0.041376,0.21094,-0.97661,-546.17,-0.99766,0.061881,-0.029019,-39.841,0,0,0,1
0.057192,0.97585,0.21087,334.37,0.042423,0.20863,-0.97707,-546.55,-0.99746,0.064771,-0.029545,-40.081,0,0,0,1
0.059954,0.97613,0.20878,333.11,0.043247,0.20642,-0.97751,-546.92,-0.99726,0.067588,-0.02987,-40.17,0,0,0,1
0.06265,0.97638,0.20677,331.89,0.043851,0.20429,-0.97793,-547.3,-0.99707,0.070298,-0.030003,-40.118,0,0,0,1
0.065249,0.97662,0.20483,330.72,0.044253,0.20226,-0.97834,-547.69,-0.99689,0.072877,-0.029971,-39.944,0,0,0,1
0.067725,0.97684,0.20296,329.58,0.044485,0.20031,-0.97873,-548.07,-0.99671,0.075304,-0.029811,-39.676,0,0,0,1
0.070059,0.97704,0.20115,328.46,0.04459,0.19841,-0.97912,-548.46,-0.99655,0.077567,-0.029569,-39.351,0,0,0,1
0.072239,0.97725,0.19935,327.34,0.04462,0.19655,-0.97949,-548.86,-0.99639,0.079665,-0.029301,-39.008,0,0,0,1
0.074265,0.97747,0.19755,326.21,0.044631,0.19468,-0.97986,-549.26,-0.99624,0.081606,-0.029061,-38.689,0,0,0,1
0.076148,0.97769,0.1957,325.04,0.044678,0.19277,-0.98024,-549.67,-0.9961,0.083411,-0.028905,-38.434,0,0,0,1
0.077906,0.97794,0.19379,323.82,0.044816,0.19078,-0.98062,-550.1,-0.99595,0.085107,-0.028881,-38.281,0,0,0,1
0.079567,0.9782,0.19178,322.53,0.045093,0.18868,-0.98101,-550.53,-0.99581,0.086729,-0.029034,-38.261,0,0,0,1
0.081165,0.97849,0.18965,321.17,0.045547,0.18645,-0.98141,-550.98,-0.99566,0.088315,-0.029394,-38.396,0,0,0,1
0.082731,0.97879,0.1874,319.71,0.046208,0.18408,-0.98183,-551.45,-0.9955,0.089901,-0.029983,-38.703,0,0,0,1
0.084295,0.97911,0.18503,318.17,0.047091,0.18156,-0.98225,-551.92,-0.99533,0.091518,-0.030811,-39.188,0,0,0,1
0.085879,0.97944,0.18254,316.56,0.048201,0.1789,-0.98268,-552.4,-0.99514,0.093188,-0.031876,-39.85,0,0,0,1
0.087497,0.97978,0.17995,314.87,0.049527,0.17611,-0.98312,-552.88,-0.99493,0.094921,-0.033164,-40.681,0,0,0,1
0.089148,0.98012,0.17728,313.12,0.05105,0.17323,-0.98355,-553.36,-0.99471,0.096714,-0.034652,-41.665,0,0,0,1
0.090824,0.98046,0.17456,311.32,0.052738,0.17026,-0.98398,-553.84,-0.99447,0.098551,-0.036309,-42.78,0,0,0,1
0.092503,0.98079,0.1718,309.49,0.054551,0.16725,-0.9844,-554.31,-0.99422,0.1004,-0.038096,-44.001,0,0,0,1
0.094159,0.98111,0.16902,307.64,0.056443,0.1642,-0.9848,-554.78,-0.99396,0.10224,-0.039972,-45.301,0,0,0,1
0.095764,0.98143,0.16623,305.76,0.058366,0.16114,-0.9852,-555.24,-0.99369,0.10402,-0.041895,-46.648,0,0,0,1
0.097288,0.98175,0.16344,303.88,0.060273,0.15808,-0.98558,-555.69,-0.99343,0.10571,-0.04382,-48.014,0,0,0,1
0.098708,0.98207,0.16066,301.97,0.062116,0.15503,-0.98595,-556.16,-0.99318,0.10728,-0.045708,-49.367,0,0,0,1
0.10001,0.98239,0.15786,300.05,0.063853,0.15199,-0.98632,-556.63,-0.99294,0.10871,-0.047518,-50.68,0,0,0,1
0.10118,0.98271,0.15505,298.1,0.065446,0.14894,-0.98668,-557.11,-0.99271,0.10997,-0.049219,-51.927,0,0,0,1
0.10223,0.98305,0.15219,296.11,0.066866,0.14587,-0.98705,-557.62,-0.99251,0.11108,-0.050781,-53.084,0,0,0,1
0.10316,0.9834,0.14929,294.08,0.068089,0.14277,-0.98742,-558.15,-0.99233,0.11203,-0.052182,-54.132,0,0,0,1
0.104,0.98375,0.14631,291.99,0.069099,0.13962,-0.9878,-558.72,-0.99217,0.11284,-0.053405,-55.057,0,0,0,1
0.10476,0.98412,0.14324,289.83,0.069889,0.13641,-0.98819,-559.33,-0.99204,0.11354,-0.054442,-55.849,0,0,0,1
0.10546,0.98451,0.14005,287.6,0.07046,0.13311,-0.9886,-559.99,-0.99192,0.11414,-0.055291,-56.504,0,0,0,1
0.10613,0.9849,0.13675,285.28,0.070818,0.1297,-0.98902,-560.7,-0.99183,0.11467,-0.055956,-57.025,0,0,0,1
0.10678,0.9853,0.1333,282.88,0.070977,0.12619,-0.98947,-561.46,-0.99175,0.11514,-0.056448,-57.419,0,0,0,1
0.10742,0.98571,0.12971,280.37,0.070955,0.12255,-0.98992,-562.27,-0.99168,0.11556,-0.056784,-57.697,0,0,0,1
0.10805,0.98613,0.12598,277.77,0.070774,0.11878,-0.99039,-563.13,-0.99162,0.11595,-0.056982,-57.875,0,0,0,1
0.10866,0.98655,0.1221,275.07,0.070459,0.11487,-0.99088,-564.04,-0.99158,0.1163,-0.057067,-57.972,0,0,0,1
0.10924,0.98697,0.11807,272.28,0.070034,0.11084,-0.99136,-565.01,-0.99154,0.1166,-0.057062,-58.009,0,0,0,1
0.10978,0.9874,0.11391,269.38,0.069527,0.10669,-0.99185,-566.01,-0.99152,0.11683,-0.056994,-58.007,0,0,0,1
0.11025,0.98784,0.10963,266.4,0.068961,0.10243,-0.99234,-567.06,-0.99151,0.11699,-0.056886,-57.987,0,0,0,1
0.11064,0.98827,0.10523,263.34,0.068362,0.098055,-0.99283,-568.14,-0.99151,0.11706,-0.056762,-57.965,0,0,0,1
0.11093,0.98871,0.10073,260.19,0.06775,0.093589,-0.9933,-569.26,-0.99152,0.11702,-0.056642,-57.959,0,0,0,1
0.11111,0.98915,0.096137,256.98,0.067141,0.089039,-0.99376,-570.41,-0.99154,0.11688,-0.056542,-57.979,0,0,0,1
0.11119,0.98958,0.091465,253.7,0.066547,0.084411,-0.99421,-571.58,-0.99157,0.11663,-0.056473,-58.03,0,0,0,1
0.11117,0.99001,0.086719,250.36,0.065977,0.079712,-0.99463,-572.79,-0.99161,0.11628,-0.056441,-58.114,0,0,0,1
0.11107,0.99043,0.081901,246.95,0.065431,0.074942,-0.99504,-574.02,-0.99166,0.11586,-0.056446,-58.225,0,0,0,1
0.11093,0.99084,0.07701,243.5,0.064905,0.0701,-0.99543,-575.28,-0.99171,0.11539,-0.056483,-58.354,0,0,0,1
0.11078,0.99123,0.072041,239.97,0.064388,0.065176,-0.9958,-576.58,-0.99176,0.11492,-0.056539,-58.484,0,0,0,1
0.11066,0.9916,0.06698,236.38,0.063865,0.060159,-0.99615,-577.91,-0.9918,0.11448,-0.0566,-58.598,0,0,0,1
0.11062,0.99194,0.06181,232.71,0.063316,0.055031,-0.99648,-579.29,-0.99184,0.11411,-0.056645,-58.673,0,0,0,1
0.11069,0.99225,0.056511,228.95,0.062717,0.04977,-0.99679,-580.7,-0.99187,0.11385,-0.056653,-58.69,0,0,0,1
0.11091,0.99252,0.051056,225.07,0.062047,0.044354,-0.99709,-582.17,-0.99189,0.11373,-0.056604,-58.626,0,0,0,1
0.11128,0.99275,0.045419,221.07,0.06128,0.038758,-0.99737,-583.7,-0.9919,0.11377,-0.056477,-58.465,0,0,0,1
0.11183,0.99294,0.039575,216.91,0.060399,0.032956,-0.99763,-585.28,-0.99189,0.11395,-0.056259,-58.195,0,0,0,1
0.11253,0.99308,0.033499,212.59,0.059388,0.026929,-0.99787,-586.92,-0.99187,0.11429,-0.055938,-57.807,0,0,0,1
0.11337,0.99318,0.027173,208.09,0.058239,0.020659,-0.99809,-588.62,-0.99184,0.11476,-0.055511,-57.302,0,0,0,1
0.11433,0.99323,0.020583,203.4,0.056951,0.014134,-0.99828,-590.37,-0.99181,0.11533,-0.054981,-56.685,0,0,0,1
0.11536,0.99323,0.013722,198.5,0.05553,0.0073496,-0.99843,-592.18,-0.99177,0.11596,-0.054357,-55.968,0,0,0,1
0.11642,0.99318,0.0065907,193.39,0.053989,0.00030605,-0.99854,-594.03,-0.99173,0.11663,-0.053654,-55.168,0,0,0,1
0.11749,0.99307,-0.00080483,188.08,0.052346,-0.0069903,-0.9986,-595.93,-0.99169,0.11729,-0.05289,-54.303,0,0,0,1
0.11852,0.99292,-0.0084526,182.56,0.050621,-0.014528,-0.99861,-597.85,-0.99166,0.11792,-0.052085,-53.396,0,0,0,1
0.11948,0.99271,-0.016337,176.83,0.048835,-0.022292,-0.99855,-599.8,-0.99163,0.11848,-0.051255,-52.464,0,0,0,1
0.12035,0.99244,-0.024437,170.92,0.047008,-0.030266,-0.99843,-601.76,-0.99162,0.11896,-0.050416,-51.526,0,0,0,1
0.12111,0.99211,-0.032735,164.83,0.045155,-0.038428,-0.99823,-603.73,-0.99161,0.11935,-0.049576,-50.595,0,0,0,1
0.12174,0.99172,-0.041207,158.56,0.043288,-0.046761,-0.99796,-605.71,-0.99162,0.11964,-0.04874,-49.678,0,0,0,1
0.12224,0.99126,-0.049836,152.13,0.041412,-0.055244,-0.99761,-607.68,-0.99164,0.11981,-0.047906,-48.78,0,0,0,1
0.1226,0.99073,-0.058601,145.55,0.039527,-0.06386,-0.99717,-609.65,-0.99167,0.11988,-0.047066,-47.9,0,0,0,1
0.12282,0.99014,-0.067488,138.84,0.037629,-0.072593,-0.99665,-611.6,-0.99172,0.11984,-0.04621,-47.032,0,0,0,1
0.12289,0.98947,-0.07648,131.99,0.035711,-0.081425,-0.99604,-613.53,-0.99178,0.11969,-0.045326,-46.171,0,0,0,1
0.12284,0.98872,-0.085565,125.02,0.033763,-0.090345,-0.99534,-615.43,-0.99185,0.11945,-0.0444,-45.307,0,0,0,1
0.12266,0.9879,-0.09473,117.95,0.031775,-0.099338,-0.99456,-617.3,-0.99194,0.11911,-0.043423,-44.432,0,0,0,1
0.12238,0.987,-0.10397,110.78,0.029736,-0.10839,-0.99368,-619.14,-0.99204,0.1187,-0.042387,-43.538,0,0,0,1
0.12201,0.98601,-0.11326,103.54,0.027637,-0.11749,-0.99271,-620.92,-0.99214,0.11822,-0.041288,-42.618,0,0,0,1
0.12157,0.98494,-0.12261,96.23,0.025468,-0.12664,-0.99164,-622.66,-0.99226,0.11771,-0.040126,-41.669,0,0,0,1
0.12111,0.98378,-0.132,88.868,0.02322,-0.13582,-0.99049,-624.32,-0.99237,0.11718,-0.038905,-40.685,0,0,0,1
0.12064,0.98252,-0.14145,81.458,0.020885,-0.14504,-0.98923,-625.93,-0.99248,0.11666,-0.037629,-39.663,0,0,0,1
0.12021,0.98117,-0.15096,73.999,0.018454,-0.15431,-0.98787,-627.45,-0.99258,0.11618,-0.036303,-38.602,0,0,0,1
0.11982,0.9797,-0.16056,66.476,0.015919,-0.16364,-0.98641,-628.91,-0.99267,0.11576,-0.034933,-37.498,0,0,0,1
0.11949,0.97812,-0.17028,58.858,0.013271,-0.17309,-0.98483,-630.29,-0.99275,0.11542,-0.033519,-36.347,0,0,0,1
0.11922,0.9764,-0.1802,51.094,0.010503,-0.18272,-0.98311,-631.6,-0.99281,0.11516,-0.03206,-35.145,0,0,0,1
0.11897,0.97452,-0.19038,43.111,0.0076074,-0.1926,-0.98123,-632.84,-0.99287,0.11498,-0.030544,-33.885,0,0,0,1
0.11871,0.97245,-0.20095,34.813,0.0045782,-0.20284,-0.97917,-634.02,-0.99292,0.11485,-0.028957,-32.559,0,0,0,1
0.11836,0.97017,-0.21201,26.079,0.0014103,-0.21358,-0.97689,-635.15,-0.99297,0.11471,-0.027273,-31.154,0,0,0,1
0.11782,0.96762,-0.22373,16.768,-0.0019003,-0.22495,-0.97432,-636.22,-0.99303,0.11449,-0.025459,-29.657,0,0,0,1
0.11698,0.96476,-0.23624,6.7294,-0.0053561,-0.23711,-0.97141,-637.24,-0.99312,0.11412,-0.023472,-28.049,0,0,0,1
0.11569,0.96151,-0.2497,-4.193,-0.0089583,-0.25022,-0.96809,-638.19,-0.99324,0.11349,-0.021265,-26.311,0,0,0,1
0.11383,0.95783,-0.26425,-16.144,-0.012705,-0.26441,-0.96427,-639.05,-0.99342,0.1125,-0.018786,-24.422,0,0,0,1
0.11126,0.95362,-0.27999,-29.243,-0.016592,-0.2798,-0.95987,-639.8,-0.99365,0.11103,-0.015985,-22.363,0,0,0,1
0.10787,0.94881,-0.29697,-43.566,-0.020609,-0.29644,-0.9548,-640.4,-0.99395,0.10899,-0.01282,-20.117,0,0,0,1
0.10358,0.94335,-0.31518,-59.129,-0.024739,-0.31432,-0.94899,-640.79,-0.99431,0.10631,-0.0092629,-17.676,0,0,0,1
0.098358,0.93717,-0.33451,-75.87,-0.028956,-0.33334,-0.94238,-640.91,-0.99473,0.10294,-0.0053051,-15.043,0,0,0,1
0.092219,0.93026,-0.35478,-93.64,-0.033224,-0.35333,-0.93495,-640.71,-0.99518,0.098869,-0.00096576,-12.232,0,0,0,1
0.08525,0.92264,-0.3757,-112.2,-0.037497,-0.37399,-0.92673,-640.15,-0.99565,0.094152,0.0037051,-9.2749,0,0,0,1
0.077595,0.91439,-0.39689,-131.21,-0.041719,-0.39496,-0.91782,-639.19,-0.99611,0.088882,0.0086252,-6.2192,0,0,0,1
0.069463,0.90565,-0.41792,-150.28,-0.045824,-0.41578,-0.90838,-637.85,-0.99653,0.083203,0.013682,-3.1273,0,0,0,1
0.061108,0.89663,-0.43828,-168.94,-0.049744,-0.43597,-0.89864,-636.17,-0.99689,0.077303,0.018742,-0.073259,0,0,0,1
0.052815,0.8876,-0.4575,-186.72,-0.053407,-0.45505,-0.88889,-634.23,-0.99718,0.071395,0.023655,2.8632,0,0,0,1
0.044878,0.87884,-0.47513,-203.17,-0.056748,-0.47257,-0.87946,-632.14,-0.99738,0.065705,0.028273,5.6029,0,0,0,1
