0.07094,-0.77251,-0.63101,-189.73,-0.12114,0.62126,-0.77419,76.787,0.9901,0.13139,-0.049542,-2.6502,0,0,0,1
0.072284,-0.7708,-0.63297,-185.07,-0.11856,0.62349,-0.77279,77.711,0.99031,0.13087,-0.04633,-2.8132,0,0,0,1
0.07364,-0.76919,-0.63479,-180.51,-0.11607,0.62558,-0.77148,78.624,0.99051,0.1304,-0.043187,-2.9788,0,0,0,1
0.075091,-0.76783,-0.63626,-176.13,-0.11372,0.6273,-0.77043,79.494,0.99067,0.13007,-0.040147,-3.1347,0,0,0,1
0.076721,-0.76691,-0.63719,-172.03,-0.11155,0.62845,-0.76981,80.288,0.99079,0.12998,-0.037232,-3.2677,0,0,0,1
0.078607,-0.76657,-0.63737,-168.25,-0.10958,0.62883,-0.76979,80.974,0.99086,0.1302,-0.034448,-3.3641,0,0,0,1
0.080811,-0.76692,-0.63667,-164.86,-0.10783,0.62828,-0.77048,81.52,0.99088,0.13077,-0.031787,-3.4101,0,0,0,1
0.083381,-0.76805,-0.63496,-161.88,-0.10626,0.62669,-0.77199,81.897,0.99084,0.13173,-0.029231,-3.3927,0,0,0,1
0.086346,-0.77001,-0.63218,-159.33,-0.10484,0.624,-0.77436,82.08,0.99073,0.13308,-0.026753,-3.2999,0,0,0,1
0.089716,-0.77278,-0.6283,-157.19,-0.10354,0.62019,-0.77759,82.05,0.99057,0.13481,-0.024323,-3.1218,0,0,0,1
0.09348,-0.77633,-0.62335,-155.45,-0.10229,0.61529,-0.78164,81.799,0.99035,0.13689,-0.02191,-2.8509,0,0,0,1
0.097609,-0.78057,-0.61737,-154.05,-0.10106,0.60936,-0.78643,81.323,0.99008,0.13928,-0.019486,-2.4824,0,0,0,1
0.10206,-0.78539,-0.61048,-152.96,-0.0998,0.60251,-0.79185,80.631,0.98976,0.14192,-0.017031,-2.0152,0,0,0,1
0.10677,-0.79067,-0.6028,-152.1,-0.098468,0.59488,-0.79776,79.738,0.9894,0.14476,-0.014529,-1.4515,0,0,0,1
0.11168,-0.79626,-0.59448,-151.43,-0.097036,0.58664,-0.80402,78.669,0.989,0.14772,-0.011973,-0.7973,0,0,0,1
0.1167,-0.80203,-0.58569,-150.89,-0.095481,0.57794,-0.81048,77.453,0.98857,0.15075,-0.0093621,-0.061725,0,0,0,1
0.12177,-0.80785,-0.57659,-150.41,-0.093787,0.56897,-0.817,76.123,0.98812,0.15379,-0.0067,0.74314,0,0,0,1
0.12681,-0.81361,-0.56734,-149.97,-0.091943,0.55988,-0.82347,74.715,0.98766,0.15677,-0.0039944,1.603,0,0,0,1
0.13175,-0.81922,-0.55809,-149.52,-0.089944,0.55081,-0.82978,73.261,0.98719,0.15964,-0.0012549,2.5019,0,0,0,1
0.13653,-0.82461,-0.54894,-149.04,-0.087789,0.5419,-0.83586,71.794,0.98674,0.16237,0.0015088,3.4235,0,0,0,1
0.14109,-0.82974,-0.54,-148.5,-0.085479,0.53323,-0.84165,70.339,0.9863,0.1649,0.0042877,4.3512,0,0,0,1
0.14541,-0.8346,-0.53133,-147.92,-0.083017,0.52487,-0.84713,68.918,0.98588,0.16722,0.0070737,5.2695,0,0,0,1
0.14944,-0.83916,-0.52298,-147.27,-0.08041,0.51686,-0.85229,67.547,0.9855,0.16931,0.00986,6.164,0,0,0,1
0.15319,-0.84345,-0.51495,-146.58,-0.077666,0.50921,-0.85713,66.235,0.98514,0.17115,0.012642,7.0225,0,0,0,1
0.15666,-0.84748,-0.50725,-145.86,-0.074797,0.50193,-0.86166,64.988,0.98482,0.17276,0.015414,7.8352,0,0,0,1
0.15984,-0.85127,-0.49986,-145.11,-0.071817,0.49499,-0.86591,63.807,0.98453,0.17414,0.018176,8.5955,0,0,0,1
0.16278,-0.85485,-0.49276,-144.35,-0.068745,0.48835,-0.86991,62.689,0.98426,0.17532,0.020924,9.2995,0,0,0,1
0.16551,-0.85824,-0.48591,-143.61,-0.065601,0.48199,-0.87369,61.629,0.98402,0.17635,0.023661,9.9469,0,0,0,1
0.16807,-0.86146,-0.47927,-142.89,-0.062408,0.47588,-0.87727,60.623,0.9838,0.17726,0.026385,10.54,0,0,0,1
0.17052,-0.86453,-0.47283,-142.21,-0.05919,0.46996,-0.88067,59.662,0.98357,0.17811,0.029101,11.085,0,0,0,1
0.17291,-0.86745,-0.46655,-141.58,-0.055973,0.46423,-0.88392,58.742,0.98335,0.17894,0.031809,11.588,0,0,0,1
0.17529,-0.87023,-0.46041,-141,-0.05278,0.45865,-0.88704,57.857,0.9831,0.17981,0.034511,12.059,0,0,0,1
0.1777,-0.87289,-0.4544,-140.48,-0.049631,0.45321,-0.89002,57.001,0.98283,0.18076,0.037209,12.504,0,0,0,1
0.18017,-0.87541,-0.44852,-140.02,-0.046543,0.44789,-0.89288,56.172,0.98253,0.18182,0.039901,12.933,0,0,0,1
0.1827,-0.8778,-0.44276,-139.61,-0.043525,0.4427,-0.89563,55.366,0.9822,0.18299,0.042584,13.351,0,0,0,1
0.1853,-0.88007,-0.43712,-139.26,-0.040582,0.43762,-0.89827,54.581,0.98184,0.18427,0.045253,13.764,0,0,0,1
0.18794,-0.88223,-0.4316,-138.96,-0.03771,0.43267,-0.90079,53.816,0.98146,0.18565,0.047903,14.174,0,0,0,1
0.19058,-0.88428,-0.4262,-138.69,-0.034899,0.42784,-0.90321,53.069,0.98105,0.18708,0.050527,14.58,0,0,0,1
0.19319,-0.88624,-0.42094,-138.46,-0.032135,0.42313,-0.90553,52.339,0.98064,0.18851,0.05312,14.983,0,0,0,1
0.1957,-0.88812,-0.4158,-138.25,-0.029395,0.41854,-0.90775,51.625,0.98022,0.1899,0.05568,15.38,0,0,0,1
0.19809,-0.88993,-0.41078,-138.06,-0.026657,0.41408,-0.90987,50.926,0.97982,0.19119,0.058209,15.769,0,0,0,1
0.20032,-0.89169,-0.40588,-137.87,-0.023893,0.40974,-0.91191,50.239,0.97944,0.19235,0.060716,16.147,0,0,0,1
0.20237,-0.89341,-0.4011,-137.69,-0.021078,0.40551,-0.91385,49.565,0.97908,0.19335,0.063215,16.516,0,0,0,1
0.20424,-0.89508,-0.39641,-137.51,-0.018187,0.4014,-0.91572,48.9,0.97875,0.19419,0.065726,16.877,0,0,0,1
0.20597,-0.89672,-0.3918,-137.33,-0.015201,0.39738,-0.91751,48.244,0.97844,0.19488,0.068275,17.232,0,0,0,1
0.20758,-0.89832,-0.38727,-137.14,-0.012105,0.39347,-0.91924,47.594,0.97814,0.19545,0.070887,17.588,0,0,0,1
0.20914,-0.89988,-0.3828,-136.95,-0.0088918,0.38964,-0.9209,46.95,0.97785,0.19595,0.073589,17.951,0,0,0,1
0.2107,-0.90138,-0.37837,-136.75,-0.0055651,0.3859,-0.9225,46.311,0.97754,0.19644,0.076399,18.327,0,0,0,1
0.21233,-0.90283,-0.37397,-136.55,-0.0021369,0.38222,-0.92404,45.676,0.9772,0.19698,0.07933,18.724,0,0,0,1
0.21408,-0.90421,-0.3696,-136.34,0.0013701,0.37861,-0.92553,45.044,0.97682,0.19763,0.082382,19.146,0,0,0,1
0.21601,-0.90551,-0.36524,-136.14,0.0049246,0.37505,-0.92698,44.417,0.97638,0.19845,0.085544,19.598,0,0,0,1
0.21814,-0.90673,-0.36089,-135.94,0.0084878,0.37154,-0.92837,43.796,0.97588,0.19948,0.088791,20.081,0,0,0,1
0.2205,-0.90787,-0.35656,-135.74,0.012016,0.36806,-0.92972,43.18,0.97531,0.20076,0.092089,20.595,0,0,0,1
0.22309,-0.90891,-0.35224,-135.54,0.015465,0.36462,-0.93103,42.572,0.97468,0.2023,0.095396,21.137,0,0,0,1
0.22589,-0.90987,-0.34794,-135.34,0.018791,0.36121,-0.93231,41.972,0.97397,0.2041,0.098666,21.702,0,0,0,1
0.22889,-0.91075,-0.34367,-135.14,0.021957,0.35782,-0.93355,41.382,0.97321,0.20617,0.10185,22.284,0,0,0,1
0.23204,-0.91154,-0.33943,-134.95,0.024932,0.35445,-0.93476,40.803,0.97239,0.20847,0.10492,22.876,0,0,0,1
0.23531,-0.91226,-0.33523,-134.76,0.027697,0.35111,-0.93595,40.235,0.97153,0.21097,0.10782,23.47,0,0,0,1
0.23866,-0.91291,-0.33108,-134.57,0.030244,0.34778,-0.93711,39.68,0.97063,0.21364,0.11055,24.061,0,0,0,1
0.24204,-0.9135,-0.32699,-134.38,0.032576,0.34449,-0.93824,39.137,0.96972,0.21643,0.11308,24.64,0,0,0,1
0.24542,-0.91404,-0.32296,-134.19,0.034708,0.34123,-0.93935,38.607,0.9688,0.21931,0.11542,25.203,0,0,0,1
0.24875,-0.91453,-0.319,-134,0.036661,0.33801,-0.94043,38.09,0.96787,0.22222,0.11757,25.745,0,0,0,1
0.25202,-0.91498,-0.31512,-133.81,0.038465,0.33484,-0.94149,37.585,0.96696,0.22513,0.11956,26.264,0,0,0,1
0.2552,-0.91541,-0.31133,-133.62,0.040152,0.33173,-0.94252,37.093,0.96605,0.22801,0.1214,26.756,0,0,0,1
0.25826,-0.91581,-0.30761,-133.43,0.041755,0.32868,-0.94351,36.612,0.96517,0.23081,0.12312,27.222,0,0,0,1
0.26119,-0.91618,-0.30398,-133.24,0.043305,0.3257,-0.94447,36.143,0.96431,0.23351,0.12475,27.66,0,0,0,1
0.26399,-0.91655,-0.30044,-133.04,0.044832,0.3228,-0.9454,35.684,0.96348,0.23609,0.12632,28.072,0,0,0,1
0.26664,-0.91691,-0.29698,-132.85,0.046358,0.31997,-0.94629,35.235,0.96268,0.23854,0.12784,28.459,0,0,0,1
0.26914,-0.91726,-0.29361,-132.66,0.0479,0.31722,-0.94713,34.794,0.96191,0.24085,0.12934,28.822,0,0,0,1
0.2715,-0.91761,-0.29032,-132.46,0.049471,0.31455,-0.94795,34.36,0.96117,0.24301,0.13082,29.163,0,0,0,1
0.27372,-0.91796,-0.2871,-132.27,0.051075,0.31196,-0.94872,33.932,0.96045,0.24502,0.13229,29.484,0,0,0,1
0.27581,-0.91831,-0.28395,-132.07,0.052712,0.30942,-0.94946,33.509,0.95977,0.24691,0.13377,29.788,0,0,0,1
0.27777,-0.91867,-0.28087,-131.88,0.054377,0.30695,-0.95017,33.089,0.95911,0.24867,0.13523,30.077,0,0,0,1
0.27963,-0.91903,-0.27783,-131.69,0.056062,0.30451,-0.95086,32.672,0.95847,0.25032,0.13669,30.352,0,0,0,1
0.2814,-0.91939,-0.27483,-131.49,0.057754,0.30212,-0.95152,32.257,0.95785,0.2519,0.13813,30.618,0,0,0,1
0.28311,-0.91975,-0.27187,-131.3,0.059439,0.29975,-0.95216,31.843,0.95724,0.25342,0.13955,30.877,0,0,0,1
0.28479,-0.9201,-0.26892,-131.1,0.061101,0.29739,-0.9528,31.43,0.95664,0.25492,0.14093,31.132,0,0,0,1
0.28645,-0.92043,-0.26599,-130.9,0.062728,0.29504,-0.95342,31.018,0.95604,0.25642,0.14226,31.386,0,0,0,1
0.28813,-0.92075,-0.26306,-130.71,0.064305,0.29269,-0.95404,30.607,0.95543,0.25797,0.14355,31.644,0,0,0,1
0.28986,-0.92104,-0.26013,-130.51,0.065822,0.29033,-0.95466,30.198,0.9548,0.25959,0.14479,31.909,0,0,0,1
0.29167,-0.92129,-0.2572,-130.32,0.067273,0.28798,-0.95527,29.793,0.95415,0.26132,0.14598,32.183,0,0,0,1
0.29358,-0.9215,-0.25427,-130.12,0.068655,0.28562,-0.95588,29.391,0.95347,0.26316,0.14712,32.47,0,0,0,1
0.29561,-0.92166,-0.25134,-129.93,0.069965,0.28327,-0.95648,28.995,0.95274,0.26515,0.14822,32.772,0,0,0,1
0.29777,-0.92175,-0.24842,-129.73,0.071208,0.28094,-0.95708,28.605,0.95198,0.2673,0.14928,33.088,0,0,0,1
0.30006,-0.92179,-0.2455,-129.54,0.072387,0.27862,-0.95767,28.222,0.95117,0.26959,0.15032,33.419,0,0,0,1
0.30248,-0.92176,-0.24259,-129.35,0.073507,0.27633,-0.95825,27.845,0.95032,0.27202,0.15132,33.763,0,0,0,1
0.30501,-0.92169,-0.2397,-129.16,0.074572,0.27405,-0.95883,27.475,0.94943,0.27457,0.1523,34.115,0,0,0,1
0.3076,-0.92157,-0.23682,-128.96,0.075586,0.27179,-0.95939,27.11,0.94851,0.27721,0.15324,34.471,0,0,0,1
0.31024,-0.92142,-0.23396,-128.76,0.076552,0.26953,-0.95995,26.747,0.94757,0.2799,0.15413,34.824,0,0,0,1
0.31286,-0.92125,-0.23109,-128.56,0.077471,0.26727,-0.96051,26.385,0.94664,0.2826,0.15497,35.167,0,0,0,1
0.31541,-0.92109,-0.22823,-128.36,0.078344,0.26498,-0.96107,26.02,0.94571,0.28526,0.15572,35.493,0,0,0,1
0.31786,-0.92096,-0.22535,-128.15,0.079171,0.26265,-0.96164,25.649,0.94483,0.28783,0.15639,35.793,0,0,0,1
0.32015,-0.92087,-0.22246,-127.94,0.079953,0.26026,-0.96223,25.269,0.94399,0.29027,0.15695,36.062,0,0,0,1
0.32225,-0.92084,-0.21955,-127.71,0.080692,0.2578,-0.96282,24.878,0.94321,0.29255,0.15739,36.294,0,0,0,1
0.32413,-0.92088,-0.2166,-127.48,0.08139,0.25526,-0.96344,24.474,0.9425,0.29465,0.1577,36.487,0,0,0,1
0.32578,-0.921,-0.21362,-127.25,0.082054,0.25263,-0.96407,24.055,0.94188,0.29654,0.15789,36.64,0,0,0,1
0.32719,-0.9212,-0.21059,-127,0.082692,0.24991,-0.96473,23.62,0.94133,0.29823,0.15796,36.753,0,0,0,1
0.32838,-0.92147,-0.20752,-126.75,0.083312,0.2471,-0.9654,23.17,0.94086,0.29973,0.15793,36.829,0,0,0,1
0.32937,-0.92182,-0.2044,-126.5,0.083927,0.24419,-0.96608,22.703,0.94047,0.30103,0.15781,36.872,0,0,0,1
0.33016,-0.92223,-0.20124,-126.23,0.084547,0.24121,-0.96678,22.22,0.94013,0.30217,0.15762,36.886,0,0,0,1
0.33078,-0.9227,-0.19802,-125.97,0.085183,0.23816,-0.96748,21.722,0.93985,0.30315,0.15738,36.875,0,0,0,1
0.33126,-0.92322,-0.19476,-125.69,0.085846,0.23504,-0.96819,21.209,0.93963,0.304,0.15711,36.842,0,0,0,1
0.3316,-0.92379,-0.19145,-125.42,0.086546,0.23186,-0.96889,20.682,0.93944,0.30471,0.15683,36.79,0,0,0,1
0.3318,-0.92441,-0.1881,-125.14,0.087287,0.22863,-0.96959,20.14,0.9393,0.30529,0.15654,36.721,0,0,0,1
0.33188,-0.92506,-0.18471,-124.85,0.088075,0.22534,-0.97029,19.583,0.9392,0.30575,0.15625,36.634,0,0,0,1
0.33182,-0.92576,-0.18128,-124.56,0.088911,0.22201,-0.97099,19.011,0.93915,0.30607,0.15597,36.528,0,0,0,1
0.33161,-0.92651,-0.1778,-124.27,0.089792,0.21862,-0.97167,18.423,0.93914,0.30625,0.15569,36.403,0,0,0,1
0.33124,-0.92731,-0.17429,-123.97,0.090714,0.21518,-0.97235,17.818,0.93918,0.30627,0.1554,36.254,0,0,0,1
0.3307,-0.92816,-0.17073,-123.66,0.09167,0.21167,-0.97303,17.195,0.93927,0.30612,0.1551,36.081,0,0,0,1
0.32997,-0.92907,-0.16714,-123.35,0.092654,0.2081,-0.97371,16.552,0.93943,0.3058,0.15478,35.88,0,0,0,1
0.32906,-0.93005,-0.16349,-123.04,0.093656,0.20445,-0.97438,15.887,0.93965,0.30531,0.15442,35.649,0,0,0,1
0.32795,-0.93108,-0.1598,-122.71,0.094668,0.20072,-0.97506,15.199,0.93994,0.30464,0.15402,35.388,0,0,0,1
0.32667,-0.93217,-0.15605,-122.38,0.095682,0.1969,-0.97574,14.486,0.94028,0.3038,0.15356,35.097,0,0,0,1
0.32521,-0.93331,-0.15224,-122.03,0.096693,0.19299,-0.97642,13.747,0.94069,0.30282,0.15304,34.775,0,0,0,1
0.32359,-0.93449,-0.14837,-121.67,0.097694,0.18897,-0.97711,12.978,0.94114,0.30169,0.15246,34.423,0,0,0,1
0.32181,-0.93572,-0.14441,-121.3,0.09868,0.18484,-0.9778,12.179,0.94165,0.30043,0.15182,34.042,0,0,0,1
0.3199,-0.937,-0.14036,-120.91,0.099645,0.18058,-0.9785,11.345,0.9422,0.29905,0.1511,33.631,0,0,0,1
0.31784,-0.93831,-0.13621,-120.51,0.10058,0.17619,-0.97921,10.475,0.94279,0.29755,0.15032,33.189,0,0,0,1
0.31563,-0.93966,-0.13194,-120.07,0.10149,0.17164,-0.97993,9.5642,0.94344,0.29593,0.14945,32.714,0,0,0,1
0.31326,-0.94106,-0.12754,-119.61,0.10236,0.16692,-0.98065,8.6093,0.94413,0.29418,0.1485,32.203,0,0,0,1
0.31071,-0.94251,-0.12298,-119.12,0.10319,0.16201,-0.98139,7.606,0.94489,0.29227,0.14746,31.653,0,0,0,1
0.30796,-0.94402,-0.11826,-118.6,0.10397,0.15689,-0.98214,6.55,0.9457,0.2902,0.14632,31.06,0,0,0,1
0.30498,-0.94559,-0.11335,-118.03,0.1047,0.15153,-0.98291,5.437,0.94658,0.28793,0.14509,30.422,0,0,0,1
0.30177,-0.94722,-0.10823,-117.42,0.10539,0.14593,-0.98368,4.2628,0.94754,0.28545,0.14375,29.737,0,0,0,1
0.29831,-0.94891,-0.10289,-116.75,0.10602,0.14006,-0.98446,3.0236,0.94856,0.28276,0.14231,29.006,0,0,0,1
0.2946,-0.95066,-0.097325,-116.04,0.10661,0.13391,-0.98525,1.7163,0.94966,0.27986,0.14078,28.232,0,0,0,1
0.29066,-0.95245,-0.091509,-115.26,0.10716,0.12747,-0.98603,0.33831,0.95081,0.27676,0.13916,27.42,0,0,0,1
0.28652,-0.95427,-0.085437,-114.43,0.10767,0.12074,-0.98682,-1.112,0.95201,0.27349,0.13746,26.579,0,0,0,1
0.28222,-0.95609,-0.079102,-113.55,0.10817,0.11372,-0.98759,-2.6354,0.95323,0.27009,0.1357,25.718,0,0,0,1
0.27781,-0.95791,-0.072499,-112.6,0.10865,0.10642,-0.98834,-4.2321,0.95447,0.26662,0.13389,24.852,0,0,0,1
0.27337,-0.95968,-0.065628,-111.6,0.10912,0.098847,-0.98907,-5.9015,0.9557,0.26314,0.13205,23.995,0,0,0,1
0.26894,-0.96139,-0.058489,-110.54,0.10961,0.091007,-0.98976,-7.6429,0.9569,0.2597,0.13018,23.16,0,0,0,1
0.26461,-0.96301,-0.051083,-109.43,0.11011,0.082915,-0.99042,-9.4551,0.95805,0.25638,0.1283,22.364,0,0,0,1
0.26042,-0.96453,-0.043415,-108.27,0.11062,0.074581,-0.99103,-11.338,0.95914,0.25322,0.12641,21.618,0,0,0,1
0.25642,-0.96592,-0.035485,-107.06,0.11115,0.066013,-0.99158,-13.291,0.96015,0.25028,0.12451,20.934,0,0,0,1
0.25263,-0.96718,-0.027294,-105.81,0.11168,0.05721,-0.99208,-15.317,0.9611,0.24758,0.12259,20.318,0,0,0,1
0.24907,-0.9683,-0.018837,-104.5,0.1122,0.048166,-0.99252,-17.419,0.96197,0.24511,0.12064,19.774,0,0,0,1
0.2457,-0.96928,-0.010105,-103.13,0.11269,0.038865,-0.99289,-19.602,0.96277,0.24287,0.11864,19.3,0,0,0,1
0.2425,-0.97013,-0.0010809,-101.68,0.11313,0.029282,-0.99318,-21.875,0.96353,0.24081,0.11656,18.891,0,0,0,1
0.23939,-0.97086,0.0082576,-100.15,0.11348,0.019382,-0.9934,-24.249,0.96427,0.23887,0.11438,18.537,0,0,0,1
0.23629,-0.97148,0.017942,-98.499,0.1137,0.0091187,-0.99354,-26.736,0.96501,0.23695,0.11207,18.225,0,0,0,1
0.23312,-0.972,0.02801,-96.71,0.11376,-0.0015608,-0.99358,-29.351,0.96577,0.23496,0.10958,17.939,0,0,0,1
0.22976,-0.97244,0.038505,-94.748,0.11361,-0.012715,-0.99352,-32.111,0.96659,0.2328,0.10691,17.659,0,0,0,1
0.22612,-0.9728,0.049471,-92.581,0.11323,-0.024402,-0.99334,-35.032,0.9675,0.23036,0.10401,17.368,0,0,0,1
0.2221,-0.97308,0.060951,-90.173,0.11258,-0.036676,-0.99303,-38.128,0.9685,0.22753,0.10088,17.047,0,0,0,1
0.21763,-0.97328,0.072979,-87.492,0.11163,-0.049581,-0.99256,-41.411,0.96963,0.22422,0.097491,16.678,0,0,0,1
0.21264,-0.97337,0.085572,-84.51,0.11036,-0.06314,-0.9919,-44.884,0.97088,0.22038,0.093845,16.248,0,0,0,1
0.20711,-0.97334,0.098727,-81.211,0.10877,-0.077349,-0.99104,-48.546,0.97225,0.21595,0.089948,15.747,0,0,0,1
0.20104,-0.97315,0.11241,-77.59,0.10685,-0.092165,-0.98995,-52.381,0.97374,0.21092,0.08582,15.168,0,0,0,1
0.19446,-0.97277,0.12654,-73.657,0.10464,-0.1075,-0.98861,-56.366,0.97531,0.20533,0.081491,14.511,0,0,0,1
0.18744,-0.97217,0.141,-69.445,0.10217,-0.12323,-0.98701,-60.461,0.97695,0.19922,0.07701,13.781,0,0,0,1
0.1801,-0.97134,0.15564,-65.004,0.099478,-0.13917,-0.98515,-64.613,0.9786,0.19271,0.072436,12.989,0,0,0,1
0.17258,-0.97025,0.17024,-60.409,0.096642,-0.15508,-0.98306,-68.76,0.98024,0.18592,0.067844,12.151,0,0,0,1
0.16503,-0.96893,0.18456,-55.752,0.093733,-0.17068,-0.98078,-72.827,0.98182,0.17902,0.063317,11.288,0,0,0,1
0.15765,-0.9674,0.19835,-51.143,0.090835,-0.1857,-0.97836,-76.736,0.98331,0.17218,0.058946,10.425,0,0,0,1
0.1506,-0.96574,0.21131,-46.698,0.088033,-0.19981,-0.97588,-80.407,0.98467,0.1656,0.054823,9.5866,0,0,0,1
0.14406,-0.96401,0.22319,-42.535,0.085409,-0.21274,-0.97344,-83.765,0.98588,0.15946,0.051036,8.7991,0,0,0,1
