0.9562,-0.083638,0.28056,75.667,-0.012422,0.94567,0.32484,100.99,-0.29234,-0.31408,0.90327,-106.88,0,0,0,1
0.9613,-0.076957,0.2643,72.009,-0.015973,0.94411,0.32928,101.66,-0.27469,-0.32048,0.90661,-104.69,0,0,0,1
0.9661,-0.070171,0.24799,68.318,-0.018699,0.94279,0.33301,102.24,-0.25702,-0.32589,0.90988,-102.38,0,0,0,1
0.97054,-0.063461,0.23177,64.604,-0.02045,0.94199,0.33526,102.54,-0.23951,-0.32951,0.91335,-99.771,0,0,0,1
0.9746,-0.057009,0.2158,60.883,-0.021173,0.94199,0.33534,102.38,-0.22235,-0.33068,0.91723,-96.732,0,0,0,1
0.97825,-0.050977,0.20025,57.184,-0.020923,0.94296,0.33273,101.58,-0.20575,-0.32891,0.92169,-93.169,0,0,0,1
0.98147,-0.045472,0.18534,53.556,-0.01985,0.94497,0.32709,100.04,-0.18995,-0.32393,0.92678,-89.051,0,0,0,1
0.98427,-0.04053,0.17132,50.064,-0.018177,0.94799,0.31834,97.687,-0.17515,-0.3157,0.93247,-84.413,0,0,0,1
0.98665,-0.036113,0.15842,46.791,-0.016174,0.95187,0.30662,94.506,-0.16159,-0.30441,0.93862,-79.351,0,0,0,1
0.98862,-0.032119,0.14687,43.822,-0.014117,0.95636,0.29231,90.554,-0.14942,-0.29045,0.94502,-74.014,0,0,0,1
0.99021,-0.028407,0.13684,41.238,-0.012261,0.96119,0.27596,85.949,-0.13882,-0.27441,0.95141,-68.583,0,0,0,1
0.99147,-0.024833,0.12845,39.099,-0.010809,0.96605,0.25829,80.862,-0.12987,-0.25702,0.95753,-63.255,0,0,0,1
0.99242,-0.021283,0.12173,37.437,-0.0098935,0.9707,0.2401,75.511,-0.1226,-0.23909,0.96314,-58.219,0,0,0,1
0.99312,-0.017707,0.1166,36.249,-0.0095644,0.97492,0.22221,70.134,-0.11698,-0.22143,0.96807,-53.639,0,0,0,1
0.9936,-0.014126,0.11294,35.503,-0.0097937,0.97858,0.20537,64.975,-0.11292,-0.20484,0.97222,-49.638,0,0,0,1
0.9939,-0.01064,0.11059,35.139,-0.010486,0.98161,0.19026,60.258,-0.11026,-0.18997,0.97555,-46.296,0,0,0,1
0.99406,-0.0073994,0.10932,35.082,-0.011498,0.984,0.1774,56.173,-0.1088,-0.17735,0.97811,-43.649,0,0,0,1
0.9941,-0.0045852,0.10896,35.254,-0.012659,0.98579,0.16711,52.86,-0.10832,-0.16733,0.97994,-41.693,0,0,0,1
0.99405,-0.0023722,0.1093,35.579,-0.013797,0.98703,0.15959,50.404,-0.10861,-0.16005,0.98113,-40.397,0,0,0,1
0.99393,-0.00090218,0.11019,35.992,-0.014754,0.98778,0.15484,48.832,-0.10949,-0.15551,0.98177,-39.708,0,0,0,1
0.99376,-0.00026301,0.1115,36.444,-0.015407,0.98811,0.15272,48.118,-0.11079,-0.15355,0.98194,-39.56,0,0,0,1
0.99356,-0.0004787,0.11312,36.902,-0.01567,0.98809,0.15298,48.194,-0.11242,-0.1539,0.98171,-39.881,0,0,0,1
0.99333,-0.0015088,0.11498,37.347,-0.015505,0.98775,0.15527,48.956,-0.11429,-0.1562,0.98113,-40.598,0,0,0,1
0.99307,-0.0032557,0.11703,37.772,-0.014919,0.98714,0.15921,50.276,-0.11638,-0.16007,0.98026,-41.637,0,0,0,1
0.99279,-0.0055772,0.11923,38.183,-0.013963,0.98632,0.16439,52.02,-0.11867,-0.16509,0.97915,-42.928,0,0,0,1
0.99249,-0.0083014,0.12158,38.594,-0.012725,0.98532,0.17041,54.05,-0.12117,-0.17088,0.97784,-44.404,0,0,0,1
0.99216,-0.011243,0.12407,39.023,-0.01132,0.9842,0.17689,56.236,-0.12389,-0.17709,0.97638,-46.005,0,0,0,1
0.9918,-0.014217,0.12671,39.493,-0.0098821,0.98299,0.18352,58.466,-0.12683,-0.18342,0.97483,-47.677,0,0,0,1
0.99141,-0.017055,0.12952,40.024,-0.0085465,0.98176,0.19005,60.644,-0.12999,-0.18963,0.97321,-49.374,0,0,0,1
0.99099,-0.019615,0.1325,40.632,-0.0074394,0.98053,0.19628,62.7,-0.13336,-0.19556,0.97158,-51.061,0,0,0,1
0.99053,-0.021792,0.13565,41.328,-0.006662,0.97934,0.20209,64.587,-0.13688,-0.2011,0.96995,-52.71,0,0,0,1
0.99004,-0.023528,0.13894,42.111,-0.0062797,0.97822,0.20744,66.281,-0.14052,-0.20622,0.96835,-54.304,0,0,0,1
0.98954,-0.024808,0.14233,42.969,-0.0063136,0.97717,0.21232,67.78,-0.14418,-0.21093,0.96679,-55.831,0,0,0,1
0.98902,-0.025667,0.14574,43.879,-0.0067381,0.97618,0.21677,69.102,-0.1478,-0.21527,0.96529,-57.288,0,0,0,1
0.98851,-0.026181,0.1491,44.806,-0.0074833,0.97525,0.22088,70.279,-0.15128,-0.21934,0.96383,-58.674,0,0,0,1
0.98801,-0.026461,0.15232,45.712,-0.0084429,0.97436,0.22475,71.354,-0.15454,-0.22321,0.96243,-59.994,0,0,0,1
0.98753,-0.026638,0.15529,46.552,-0.0094861,0.97349,0.22849,72.375,-0.15751,-0.22698,0.96107,-61.253,0,0,0,1
0.9871,-0.026851,0.15793,47.285,-0.010472,0.9726,0.2322,73.392,-0.16013,-0.23075,0.95974,-62.458,0,0,0,1
0.98673,-0.027232,0.16016,47.872,-0.011263,0.97168,0.23599,74.449,-0.16235,-0.23457,0.95844,-63.616,0,0,0,1
0.98641,-0.027894,0.16194,48.286,-0.011739,0.97072,0.23993,75.583,-0.16416,-0.2385,0.95716,-64.735,0,0,0,1
0.98616,-0.028923,0.16324,48.507,-0.011808,0.96969,0.24407,76.82,-0.16557,-0.24256,0.9559,-65.821,0,0,0,1
0.98598,-0.030371,0.16405,48.527,-0.011409,0.96859,0.24844,78.173,-0.16659,-0.24678,0.95464,-66.88,0,0,0,1
0.98586,-0.032256,0.1644,48.35,-0.010515,0.96741,0.25302,79.644,-0.16726,-0.25113,0.95339,-67.918,0,0,0,1
0.98579,-0.034563,0.16432,47.99,-0.0091326,0.96617,0.2578,81.223,-0.16764,-0.2556,0.95214,-68.938,0,0,0,1
0.98577,-0.037255,0.16387,47.467,-0.0072968,0.96486,0.26271,82.893,-0.16779,-0.26014,0.95088,-69.942,0,0,0,1
0.98577,-0.040272,0.16312,46.81,-0.0050636,0.96349,0.26771,84.629,-0.16777,-0.26469,0.94963,-70.933,0,0,0,1
0.9858,-0.043547,0.16214,46.052,-0.0025043,0.96209,0.27273,86.402,-0.16765,-0.26923,0.94838,-71.91,0,0,0,1
0.98583,-0.047004,0.16101,45.228,0.00030074,0.96067,0.27769,88.185,-0.16749,-0.27368,0.94713,-72.875,0,0,0,1
0.98584,-0.050574,0.15982,44.372,0.0032686,0.95924,0.28255,89.951,-0.16736,-0.27801,0.94589,-73.827,0,0,0,1
0.98584,-0.054189,0.15865,43.52,0.0063183,0.95783,0.28725,91.678,-0.16731,-0.28219,0.94467,-74.769,0,0,0,1
0.98582,-0.057794,0.15756,42.702,0.0093753,0.95643,0.29177,93.347,-0.16739,-0.28618,0.94345,-75.702,0,0,0,1
0.98575,-0.061344,0.15661,41.945,0.012374,0.95507,0.29609,94.948,-0.16764,-0.28999,0.94225,-76.631,0,0,0,1
0.98565,-0.064805,0.15586,41.27,0.015263,0.95374,0.30021,96.476,-0.16808,-0.2936,0.94105,-77.56,0,0,0,1
0.98551,-0.068158,0.15535,40.689,0.018003,0.95244,0.30416,97.93,-0.16874,-0.29704,0.93985,-78.494,0,0,0,1
0.98532,-0.071396,0.15508,40.21,0.020571,0.95117,0.30795,99.319,-0.16962,-0.30034,0.93864,-79.441,0,0,0,1
0.98509,-0.074525,0.15506,39.829,0.02296,0.94991,0.31164,100.65,-0.17071,-0.30353,0.93741,-80.405,0,0,0,1
0.98482,-0.077558,0.15526,39.536,0.025176,0.94867,0.31527,101.95,-0.17198,-0.30665,0.93615,-81.392,0,0,0,1
0.98452,-0.080517,0.15566,39.316,0.027237,0.94741,0.31889,103.22,-0.17342,-0.30977,0.93486,-82.408,0,0,0,1
0.9842,-0.083422,0.15621,39.148,0.029164,0.94612,0.32254,104.48,-0.17497,-0.31291,0.93351,-83.457,0,0,0,1
0.98384,-0.086291,0.15686,39.012,0.030979,0.94478,0.32628,105.76,-0.1766,-0.31614,0.93211,-84.542,0,0,0,1
0.98348,-0.089132,0.15757,38.888,0.032697,0.94339,0.33015,107.07,-0.17827,-0.31949,0.93064,-85.667,0,0,0,1
0.9831,-0.091938,0.15831,38.764,0.034315,0.94192,0.33417,108.41,-0.17995,-0.32301,0.9291,-86.837,0,0,0,1
0.98272,-0.094682,0.15906,38.635,0.035812,0.94036,0.33837,109.79,-0.18163,-0.32672,0.92747,-88.056,0,0,0,1
0.98234,-0.097316,0.15983,38.507,0.03714,0.93872,0.34275,111.2,-0.1833,-0.33065,0.92575,-89.332,0,0,0,1
0.98196,-0.099767,0.16065,38.399,0.038224,0.93699,0.34732,112.65,-0.18498,-0.3348,0.92392,-90.672,0,0,0,1
0.98158,-0.10195,0.16159,38.344,0.038965,0.93518,0.35206,114.1,-0.18672,-0.33918,0.92198,-92.086,0,0,0,1
0.9812,-0.10376,0.16275,38.384,0.039243,0.93331,0.35694,115.54,-0.18857,-0.34378,0.91991,-93.583,0,0,0,1
0.98081,-0.10509,0.16423,38.569,0.038927,0.93139,0.36192,116.94,-0.19059,-0.34857,0.9177,-95.172,0,0,0,1
0.98041,-0.10583,0.16614,38.956,0.037889,0.92945,0.36696,118.27,-0.19285,-0.35351,0.91534,-96.861,0,0,0,1
0.97998,-0.10592,0.16862,39.594,0.036014,0.9275,0.37201,119.5,-0.19544,-0.35857,0.91284,-98.657,0,0,0,1
0.9795,-0.10529,0.17175,40.526,0.033216,0.92558,0.37702,120.6,-0.19839,-0.36369,0.91019,-100.56,0,0,0,1
0.97896,-0.10393,0.17561,41.782,0.029454,0.92368,0.38193,121.55,-0.20175,-0.36884,0.90738,-102.57,0,0,0,1
0.97833,-0.10186,0.18022,43.368,0.024738,0.92183,0.3867,122.34,-0.20551,-0.37397,0.90444,-104.67,0,0,0,1
0.97761,-0.099163,0.18555,45.271,0.019139,0.92002,0.39128,122.95,-0.20966,-0.37905,0.90137,-106.86,0,0,0,1
0.97678,-0.09595,0.19154,47.45,0.012791,0.91827,0.39564,123.4,-0.21414,-0.38403,0.8982,-109.12,0,0,0,1
0.97583,-0.092384,0.19803,49.844,0.0058887,0.91656,0.39977,123.7,-0.21885,-0.3889,0.89496,-111.42,0,0,0,1
0.97477,-0.088654,0.20484,52.37,-0.0013241,0.91488,0.40365,123.88,-0.22369,-0.39364,0.89167,-113.73,0,0,0,1
0.97362,-0.084969,0.21175,54.932,-0.0085668,0.91324,0.4073,123.99,-0.22852,-0.39822,0.88839,-116.02,0,0,0,1
0.97242,-0.081541,0.2185,57.425,-0.015542,0.91161,0.41075,124.06,-0.23319,-0.40262,0.88517,-118.25,0,0,0,1
0.97122,-0.07857,0.22484,59.747,-0.021959,0.91001,0.41404,124.15,-0.23758,-0.40684,0.88205,-120.38,0,0,0,1
0.97007,-0.076226,0.23053,61.806,-0.027555,0.90842,0.41721,124.31,-0.24156,-0.41087,0.87909,-122.39,0,0,0,1
0.96903,-0.074639,0.23538,63.524,-0.032119,0.90684,0.42034,124.59,-0.24502,-0.41469,0.87632,-124.24,0,0,0,1
0.96814,-0.073885,0.23924,64.847,-0.035507,0.90527,0.42346,125.02,-0.24791,-0.4183,0.87378,-125.92,0,0,0,1
0.96744,-0.073983,0.24202,65.747,-0.037656,0.9037,0.42662,125.62,-0.25017,-0.42172,0.87148,-127.41,0,0,0,1
0.96695,-0.074896,0.24371,66.221,-0.038579,0.90213,0.42985,126.39,-0.2518,-0.42496,0.86943,-128.71,0,0,0,1
0.96666,-0.076534,0.24435,66.293,-0.038367,0.90056,0.43316,127.34,-0.25284,-0.42805,0.86762,-129.83,0,0,0,1
0.96655,-0.07877,0.24404,66.004,-0.037175,0.89896,0.43654,128.44,-0.25334,-0.43101,0.86602,-130.8,0,0,0,1
0.96661,-0.081444,0.24292,65.417,-0.035204,0.89735,0.43999,129.65,-0.25336,-0.43388,0.86458,-131.64,0,0,0,1
0.9668,-0.084387,0.24118,64.601,-0.032684,0.89571,0.44348,130.93,-0.25301,-0.4367,0.86328,-132.38,0,0,0,1
0.96707,-0.087429,0.239,63.632,-0.029854,0.89404,0.447,132.26,-0.25238,-0.43949,0.86206,-133.04,0,0,0,1
0.9674,-0.090413,0.23658,62.584,-0.026942,0.89234,0.45052,133.59,-0.25155,-0.4423,0.86088,-133.67,0,0,0,1
0.96775,-0.093212,0.23409,61.523,-0.02415,0.89062,0.45404,134.89,-0.25063,-0.44513,0.8597,-134.28,0,0,0,1
0.96809,-0.095728,0.23168,60.509,-0.021646,0.88887,0.45755,136.13,-0.2497,-0.44803,0.85848,-134.91,0,0,0,1
0.96839,-0.097905,0.22949,59.585,-0.019548,0.88709,0.46105,137.31,-0.24882,-0.45101,0.85718,-135.58,0,0,0,1
0.96866,-0.099721,0.22762,58.782,-0.01793,0.88529,0.46455,138.42,-0.24806,-0.45408,0.85578,-136.31,0,0,0,1
0.96886,-0.10119,0.22611,58.118,-0.01682,0.88346,0.46806,139.46,-0.24745,-0.45726,0.85426,-137.11,0,0,0,1
0.96899,-0.10236,0.22502,57.599,-0.016202,0.8816,0.47159,140.44,-0.24704,-0.46055,0.85261,-137.99,0,0,0,1
0.96904,-0.1033,0.22433,57.221,-0.016032,0.8797,0.47516,141.37,-0.24684,-0.46395,0.85082,-138.96,0,0,0,1
0.96902,-0.10406,0.22404,56.972,-0.01624,0.87776,0.47876,142.25,-0.24687,-0.46745,0.84888,-140.02,0,0,0,1
0.96892,-0.10474,0.22411,56.84,-0.016747,0.87578,0.48239,143.11,-0.24714,-0.47104,0.8468,-141.18,0,0,0,1
0.96875,-0.1054,0.22452,56.808,-0.01747,0.87376,0.48603,143.96,-0.24765,-0.47467,0.84461,-142.41,0,0,0,1
0.9685,-0.10608,0.22521,56.865,-0.018337,0.87173,0.48968,144.79,-0.24842,-0.47831,0.84232,-143.72,0,0,0,1
0.96819,-0.10683,0.22617,57.002,-0.019291,0.86969,0.49328,145.61,-0.24942,-0.48191,0.83996,-145.08,0,0,0,1
0.96782,-0.10764,0.22737,57.217,-0.020297,0.86767,0.4968,146.4,-0.25067,-0.48542,0.83756,-146.48,0,0,0,1
0.96739,-0.10851,0.22879,57.51,-0.021341,0.8657,0.50019,147.17,-0.25216,-0.48878,0.83515,-147.91,0,0,0,1
0.9669,-0.10939,0.23044,57.889,-0.022432,0.86381,0.50339,147.9,-0.25388,-0.49194,0.83277,-149.34,0,0,0,1
0.96635,-0.11025,0.23232,58.359,-0.023599,0.86203,0.50637,148.56,-0.2558,-0.49487,0.83044,-150.75,0,0,0,1
0.96577,-0.11101,0.23443,58.929,-0.024881,0.86039,0.50908,149.15,-0.25791,-0.49754,0.82819,-152.12,0,0,0,1
0.96514,-0.11162,0.23675,59.601,-0.026323,0.85891,0.51149,149.64,-0.26016,-0.49994,0.82603,-153.45,0,0,0,1
0.96448,-0.112,0.23928,60.372,-0.027969,0.85759,0.51361,150.04,-0.26248,-0.50209,0.82399,-154.72,0,0,0,1
0.96381,-0.11211,0.24197,61.231,-0.029852,0.85642,0.51543,150.33,-0.26482,-0.50401,0.82207,-155.91,0,0,0,1
0.96314,-0.1119,0.24475,62.158,-0.031989,0.85538,0.517,150.52,-0.26707,-0.50576,0.82026,-157.03,0,0,0,1
0.9625,-0.11135,0.24754,63.124,-0.034376,0.85445,0.51837,150.62,-0.26916,-0.50741,0.81855,-158.06,0,0,0,1
0.9619,-0.11045,0.25024,64.096,-0.03699,0.85359,0.5196,150.64,-0.27099,-0.50902,0.81696,-159.01,0,0,0,1
0.96139,-0.10921,0.25274,65.035,-0.039783,0.85275,0.52076,150.61,-0.27245,-0.51066,0.81545,-159.88,0,0,0,1
0.96098,-0.10768,0.25494,65.903,-0.042695,0.8519,0.52192,150.55,-0.27348,-0.5124,0.81403,-160.67,0,0,0,1
0.96069,-0.10588,0.25673,66.663,-0.045651,0.85101,0.52313,150.48,-0.274,-0.51426,0.81269,-161.37,0,0,0,1
0.96054,-0.10388,0.25804,67.285,-0.048573,0.85005,0.52443,150.42,-0.27398,-0.51627,0.81144,-161.98,0,0,0,1
0.96055,-0.10174,0.25879,67.749,-0.051383,0.84901,0.52584,150.39,-0.27338,-0.51842,0.81028,-162.51,0,0,0,1
0.96072,-0.0995,0.25895,68.041,-0.054007,0.84791,0.52736,150.4,-0.27222,-0.52069,0.80923,-162.94,0,0,0,1
0.96105,-0.097234,0.25852,68.158,-0.056381,0.84676,0.52897,150.46,-0.27053,-0.52302,0.80831,-163.28,0,0,0,1
0.96153,-0.094994,0.25752,68.106,-0.05845,0.84559,0.53062,150.56,-0.26836,-0.52536,0.80753,-163.52,0,0,0,1
0.96214,-0.092832,0.256,67.898,-0.060169,0.84444,0.53226,150.71,-0.26578,-0.52761,0.80692,-163.66,0,0,0,1
0.96284,-0.090803,0.25404,67.553,-0.061505,0.84337,0.53382,150.88,-0.2629,-0.52969,0.8065,-163.69,0,0,0,1
0.96362,-0.088956,0.25173,67.096,-0.062433,0.84242,0.53522,151.08,-0.25983,-0.53152,0.80628,-163.6,0,0,0,1
0.96444,-0.087338,0.24919,66.556,-0.062939,0.84165,0.53639,151.28,-0.25668,-0.53301,0.80629,-163.41,0,0,0,1
0.96526,-0.085996,0.24654,65.962,-0.063019,0.8411,0.53725,151.46,-0.2536,-0.53407,0.80653,-163.1,0,0,0,1
0.96604,-0.084968,0.24391,65.347,-0.062676,0.84082,0.53774,151.62,-0.25073,-0.53464,0.80702,-162.67,0,0,0,1
0.96674,-0.084288,0.24145,64.745,-0.061927,0.84085,0.5378,151.72,-0.2482,-0.53467,0.80774,-162.15,0,0,0,1
0.96734,-0.083979,0.23928,64.187,-0.060797,0.84121,0.53736,151.76,-0.24614,-0.53409,0.8087,-161.52,0,0,0,1
0.9678,-0.084048,0.23752,63.702,-0.059324,0.84194,0.53641,151.71,-0.24466,-0.5329,0.8099,-160.8,0,0,0,1
0.9681,-0.084484,0.23626,63.317,-0.057558,0.84303,0.53488,151.56,-0.24385,-0.53106,0.81131,-160,0,0,0,1
0.96823,-0.085247,0.23557,63.05,-0.055563,0.8445,0.53277,151.29,-0.24376,-0.52856,0.81294,-159.12,0,0,0,1
0.96818,-0.08627,0.23546,62.915,-0.053419,0.84635,0.53003,150.87,-0.24437,-0.52542,0.81478,-158.15,0,0,0,1
0.96797,-0.087452,0.23593,62.921,-0.051219,0.84857,0.52666,150.3,-0.24564,-0.52164,0.81684,-157.09,0,0,0,1
0.96761,-0.088662,0.2369,63.065,-0.049068,0.85116,0.52262,149.55,-0.24745,-0.51722,0.81914,-155.92,0,0,0,1
0.96714,-0.089743,0.23829,63.341,-0.047074,0.85412,0.51791,148.59,-0.24965,-0.51218,0.8217,-154.61,0,0,0,1
0.96662,-0.090524,0.23995,63.733,-0.045342,0.85744,0.51249,147.43,-0.25202,-0.50652,0.82456,-153.14,0,0,0,1
0.9661,-0.090835,0.2417,64.214,-0.043958,0.86112,0.50636,146.03,-0.2543,-0.50025,0.82777,-151.46,0,0,0,1
0.96566,-0.090525,0.24335,64.747,-0.042974,0.86516,0.49948,144.39,-0.25624,-0.49336,0.83138,-149.52,0,0,0,1
0.96538,-0.089478,0.24464,65.284,-0.042394,0.86955,0.49185,142.5,-0.25753,-0.48585,0.83546,-147.28,0,0,0,1
0.96531,-0.087638,0.24535,65.762,-0.042164,0.87426,0.48347,140.37,-0.25791,-0.47772,0.84007,-144.68,0,0,0,1
0.96554,-0.085016,0.24521,66.106,-0.042161,0.87927,0.47435,138.03,-0.25714,-0.46894,0.84525,-141.69,0,0,0,1
0.96611,-0.081704,0.24399,66.233,-0.042199,0.88454,0.46453,135.48,-0.25502,-0.45953,0.85103,-138.29,0,0,0,1
0.96706,-0.077873,0.24147,66.057,-0.04204,0.89,0.45407,132.79,-0.25143,-0.44949,0.85739,-134.46,0,0,0,1
0.96838,-0.073762,0.2375,65.495,-0.04141,0.89561,0.44307,130,-0.24633,-0.43886,0.86428,-130.23,0,0,0,1
0.97006,-0.069656,0.232,64.476,-0.040032,0.90127,0.43163,127.18,-0.23976,-0.42769,0.87161,-125.64,0,0,0,1
0.97203,-0.065863,0.22496,62.953,-0.037656,0.90691,0.41992,124.38,-0.23189,-0.4161,0.87925,-120.77,0,0,0,1
0.97423,-0.06267,0.21648,60.912,-0.034101,0.91244,0.40807,121.67,-0.22293,-0.40422,0.887,-115.72,0,0,0,1
0.97654,-0.06031,0.20679,58.376,-0.02929,0.91777,0.39629,119.11,-0.2132,-0.39226,0.89468,-110.62,0,0,0,1
0.97887,-0.058927,0.19619,55.417,-0.023271,0.92281,0.38475,116.73,-0.20306,-0.38044,0.90208,-105.61,0,0,0,1
0.98109,-0.058555,0.18508,52.146,-0.016234,0.92748,0.37365,114.58,-0.1929,-0.36903,0.90901,-100.82,0,0,0,1
0.98312,-0.059109,0.17391,48.709,-0.008493,0.93169,0.3632,112.67,-0.18311,-0.3583,0.91531,-96.369,0,0,0,1
0.98489,-0.060406,0.16314,45.272,-0.00045802,0.9354,0.35358,111.01,-0.17402,-0.34848,0.92088,-92.371,0,0,0,1
