0.98411,-0.11672,0.13389,26.289,0.069847,0.94749,0.31201,105.49,-0.16311,-0.29761,0.94066,-79.212,0,0,0,1
0.98564,-0.10747,0.12924,26.43,0.061047,0.94652,0.31665,105.67,-0.15654,-0.30431,0.93981,-79.574,0,0,0,1
0.98709,-0.098285,0.12475,26.602,0.05285,0.94572,0.32045,105.69,-0.14993,-0.30991,0.93917,-79.718,0,0,0,1
0.9884,-0.089492,0.12054,26.797,0.045563,0.94537,0.3226,105.38,-0.14348,-0.31359,0.939,-79.466,0,0,0,1
0.98955,-0.0814,0.11674,27.008,0.039397,0.94573,0.32244,104.55,-0.13741,-0.31466,0.93953,-78.68,0,0,0,1
0.99051,-0.074255,0.11346,27.229,0.034444,0.94696,0.31949,103.1,-0.13192,-0.31269,0.94092,-77.269,0,0,0,1
0.99129,-0.068201,0.11078,27.463,0.030687,0.94913,0.31352,100.94,-0.12715,-0.30744,0.94321,-75.205,0,0,0,1
0.99191,-0.063264,0.10874,27.718,0.02801,0.95218,0.30451,98.045,-0.12319,-0.29897,0.94635,-72.521,0,0,0,1
0.99237,-0.059349,0.10736,28.012,0.026224,0.95594,0.2927,94.441,-0.12007,-0.28753,0.9502,-69.309,0,0,0,1
0.99271,-0.056259,0.10661,28.36,0.0251,0.96019,0.27852,90.21,-0.11774,-0.2736,0.95452,-65.703,0,0,0,1
0.99294,-0.053739,0.10642,28.772,0.024393,0.96467,0.26256,85.483,-0.11614,-0.25781,0.95905,-61.865,0,0,0,1
0.99309,-0.051517,0.10667,29.25,0.02388,0.96912,0.24553,80.43,-0.11513,-0.2409,0.96354,-57.968,0,0,0,1
0.99318,-0.049356,0.10723,29.782,0.023375,0.97332,0.22818,75.25,-0.11458,-0.22367,0.96774,-54.177,0,0,0,1
0.99324,-0.04709,0.10794,30.346,0.022747,0.97711,0.21128,70.152,-0.11437,-0.2069,0.97151,-50.637,0,0,0,1
0.99326,-0.044644,0.10869,30.912,0.021924,0.98038,0.19551,65.343,-0.11436,-0.19131,0.97473,-47.463,0,0,0,1
0.99328,-0.042036,0.10937,31.453,0.02089,0.98308,0.18148,61.011,-0.11447,-0.1775,0.97736,-44.737,0,0,0,1
0.99329,-0.03936,0.10993,31.946,0.019677,0.98522,0.16965,57.31,-0.11463,-0.16594,0.97941,-42.51,0,0,0,1
0.99329,-0.03676,0.11038,32.378,0.01835,0.98682,0.16033,54.352,-0.11481,-0.15692,0.98091,-40.807,0,0,0,1
0.99329,-0.034395,0.11077,32.747,0.016989,0.98792,0.15368,52.202,-0.11502,-0.15057,0.98191,-39.629,0,0,0,1
0.99326,-0.032411,0.11116,33.062,0.015675,0.98857,0.1497,50.876,-0.11528,-0.14687,0.98246,-38.959,0,0,0,1
0.99322,-0.030918,0.11164,33.339,0.01448,0.98883,0.14827,50.345,-0.11565,-0.14569,0.98261,-38.767,0,0,0,1
0.99315,-0.029978,0.11228,33.598,0.013455,0.98873,0.14916,50.543,-0.11619,-0.14675,0.9824,-39.015,0,0,0,1
0.99305,-0.029597,0.11313,33.858,0.012629,0.98832,0.15203,51.373,-0.11694,-0.14974,0.98186,-39.65,0,0,0,1
0.99291,-0.029736,0.11424,34.133,0.012004,0.98763,0.15653,52.721,-0.11796,-0.15429,0.98102,-40.617,0,0,0,1
0.99274,-0.030316,0.1156,34.436,0.011566,0.98672,0.16226,54.46,-0.11926,-0.16,0.97994,-41.855,0,0,0,1
0.99254,-0.031236,0.11719,34.775,0.01128,0.98562,0.16882,56.467,-0.12085,-0.16649,0.97865,-43.297,0,0,0,1
0.9923,-0.032384,0.11901,35.154,0.0111,0.98439,0.17585,58.624,-0.12272,-0.1734,0.9772,-44.881,0,0,0,1
0.99204,-0.033651,0.12101,35.574,0.010979,0.98308,0.18303,60.828,-0.12484,-0.18043,0.97564,-46.545,0,0,0,1
0.99175,-0.034941,0.12316,36.033,0.010868,0.98173,0.19008,62.993,-0.12718,-0.18731,0.97403,-48.235,0,0,0,1
0.99144,-0.03618,0.12542,36.528,0.010729,0.9804,0.19682,65.055,-0.12968,-0.19387,0.9724,-49.905,0,0,0,1
0.99112,-0.037321,0.12774,37.049,0.010539,0.97911,0.2031,66.971,-0.13229,-0.19997,0.97081,-51.517,0,0,0,1
0.99079,-0.038345,0.13008,37.586,0.010296,0.97789,0.20885,68.719,-0.13493,-0.20555,0.96928,-53.046,0,0,0,1
0.99046,-0.039263,0.13239,38.121,0.010017,0.97676,0.21406,70.298,-0.13753,-0.21061,0.96782,-54.475,0,0,0,1
0.99013,-0.04011,0.1346,38.636,0.0097406,0.97571,0.21877,71.724,-0.14004,-0.21518,0.96646,-55.799,0,0,0,1
0.98981,-0.040941,0.13665,39.106,0.0095209,0.97474,0.22305,73.024,-0.14238,-0.21933,0.96518,-57.018,0,0,0,1
0.98952,-0.041821,0.13849,39.51,0.0094198,0.97383,0.227,74.234,-0.1445,-0.22317,0.96399,-58.142,0,0,0,1
0.98925,-0.042818,0.14007,39.825,0.0094997,0.97295,0.23073,75.394,-0.14637,-0.22678,0.96287,-59.183,0,0,0,1
0.98901,-0.043994,0.14135,40.033,0.0098144,0.97208,0.23436,76.544,-0.14796,-0.23027,0.9618,-60.156,0,0,0,1
0.9888,-0.045392,0.1423,40.12,0.010402,0.9712,0.23798,77.718,-0.14926,-0.23374,0.96077,-61.079,0,0,0,1
0.98863,-0.047036,0.14291,40.079,0.011279,0.97028,0.24168,78.94,-0.15027,-0.23725,0.95976,-61.967,0,0,0,1
0.98849,-0.048926,0.14318,39.909,0.012439,0.96931,0.24552,80.229,-0.15099,-0.24086,0.95874,-62.835,0,0,0,1
0.98838,-0.051035,0.14314,39.616,0.013854,0.96827,0.24953,81.59,-0.15146,-0.24461,0.95772,-63.697,0,0,0,1
0.9883,-0.053319,0.14282,39.212,0.015478,0.96716,0.25373,83.019,-0.15171,-0.24851,0.95668,-64.561,0,0,0,1
0.98825,-0.055717,0.14224,38.712,0.01725,0.96598,0.25808,84.507,-0.15176,-0.25256,0.95561,-65.435,0,0,0,1
0.98822,-0.058163,0.14147,38.134,0.019106,0.96473,0.26258,86.035,-0.15165,-0.25674,0.95451,-66.321,0,0,0,1
0.98821,-0.060589,0.14053,37.502,0.020976,0.96344,0.26716,87.584,-0.15142,-0.26102,0.95338,-67.223,0,0,0,1
0.98821,-0.062934,0.1395,36.836,0.0228,0.9621,0.27178,89.133,-0.15111,-0.26536,0.95224,-68.138,0,0,0,1
0.98822,-0.065146,0.13841,36.161,0.024524,0.96074,0.27639,90.661,-0.15076,-0.26972,0.95107,-69.066,0,0,0,1
0.98824,-0.067192,0.13733,35.498,0.026105,0.95937,0.28095,92.152,-0.1504,-0.27405,0.94989,-70.003,0,0,0,1
0.98825,-0.06905,0.1363,34.867,0.027516,0.95801,0.28541,93.59,-0.15008,-0.27831,0.9487,-70.946,0,0,0,1
0.98827,-0.070719,0.13536,34.287,0.028745,0.95667,0.28974,94.967,-0.14983,-0.28248,0.94751,-71.893,0,0,0,1
0.98827,-0.072213,0.13455,33.77,0.029796,0.95535,0.29393,96.28,-0.14968,-0.28652,0.94632,-72.84,0,0,0,1
0.98826,-0.073566,0.1339,33.325,0.030691,0.95407,0.29797,97.528,-0.14965,-0.29043,0.94513,-73.787,0,0,0,1
0.98823,-0.074822,0.13341,32.955,0.031465,0.95282,0.30186,98.717,-0.14976,-0.29419,0.94395,-74.729,0,0,0,1
0.98819,-0.07604,0.13308,32.652,0.032174,0.95161,0.3056,99.858,-0.15,-0.2978,0.94278,-75.666,0,0,0,1
0.98812,-0.077289,0.13288,32.406,0.03288,0.95041,0.30922,100.96,-0.15038,-0.30126,0.94161,-76.594,0,0,0,1
0.98802,-0.078641,0.13278,32.195,0.033659,0.94924,0.31274,102.05,-0.15087,-0.30461,0.94046,-77.512,0,0,0,1
0.98791,-0.080165,0.13273,31.996,0.034588,0.94806,0.31619,103.14,-0.15145,-0.30784,0.9393,-78.416,0,0,0,1
0.98777,-0.081927,0.13266,31.779,0.035739,0.94688,0.3196,104.24,-0.15207,-0.31099,0.93816,-79.305,0,0,0,1
0.98762,-0.083976,0.13252,31.517,0.037175,0.94567,0.323,105.37,-0.15269,-0.31409,0.93702,-80.178,0,0,0,1
0.98745,-0.08634,0.13225,31.183,0.038935,0.94443,0.32642,106.55,-0.15327,-0.31717,0.93589,-81.035,0,0,0,1
0.98727,-0.089023,0.1318,30.759,0.041036,0.94314,0.32989,107.79,-0.15379,-0.32025,0.93475,-81.88,0,0,0,1
0.98709,-0.091996,0.13114,30.234,0.043457,0.94178,0.33343,109.08,-0.15421,-0.32337,0.93361,-82.718,0,0,0,1
0.9869,-0.095198,0.13029,29.613,0.04614,0.94036,0.33707,110.43,-0.15453,-0.32657,0.93244,-83.558,0,0,0,1
0.9867,-0.098535,0.12927,28.912,0.04899,0.93887,0.3408,111.83,-0.15476,-0.32987,0.93124,-84.411,0,0,0,1
0.98651,-0.10188,0.12814,28.162,0.05187,0.93731,0.34465,113.26,-0.15494,-0.33329,0.93,-85.292,0,0,0,1
0.98632,-0.10509,0.12698,27.407,0.054615,0.93569,0.34859,114.7,-0.1551,-0.33685,0.92869,-86.216,0,0,0,1
0.98615,-0.10798,0.12592,26.702,0.057035,0.93402,0.35264,116.12,-0.15529,-0.34056,0.92731,-87.198,0,0,0,1
0.98599,-0.1104,0.12507,26.108,0.058931,0.93233,0.35678,117.5,-0.1556,-0.34441,0.92583,-88.253,0,0,0,1
0.98585,-0.11219,0.12456,25.687,0.060108,0.93063,0.36099,118.81,-0.15606,-0.34842,0.92426,-89.393,0,0,0,1
0.98574,-0.11319,0.12452,25.495,0.060393,0.92894,0.36526,120.01,-0.15673,-0.35257,0.92257,-90.628,0,0,0,1
0.98566,-0.11332,0.12503,25.58,0.059648,0.92728,0.36958,121.11,-0.15765,-0.35685,0.92077,-91.963,0,0,0,1
0.9856,-0.1125,0.12618,25.974,0.05779,0.92565,0.37392,122.06,-0.15884,-0.36125,0.91885,-93.398,0,0,0,1
0.98557,-0.11075,0.12799,26.687,0.054794,0.92407,0.37828,122.88,-0.16029,-0.36577,0.9168,-94.93,0,0,0,1
0.98554,-0.10812,0.13046,27.71,0.050705,0.92251,0.38263,123.56,-0.16199,-0.37039,0.91465,-96.551,0,0,0,1
0.9855,-0.10471,0.13353,29.014,0.045637,0.92097,0.38695,124.11,-0.16389,-0.37511,0.91238,-98.245,0,0,0,1
0.98543,-0.10068,0.1371,30.548,0.039764,0.91943,0.39123,124.55,-0.16592,-0.3799,0.91003,-99.997,0,0,0,1
0.98531,-0.096234,0.14104,32.247,0.033315,0.91787,0.39546,124.9,-0.16804,-0.38476,0.9076,-101.79,0,0,0,1
0.98515,-0.091593,0.1452,34.037,0.026554,0.91629,0.39963,125.21,-0.17016,-0.38964,0.90512,-103.59,0,0,0,1
0.98494,-0.086987,0.14941,35.839,0.019761,0.91465,0.40375,125.5,-0.17222,-0.39453,0.9026,-105.38,0,0,0,1
0.98469,-0.082636,0.15351,37.579,0.013208,0.91296,0.40782,125.82,-0.17418,-0.3994,0.90008,-107.14,0,0,0,1
0.9844,-0.078734,0.15736,39.194,0.0071395,0.91122,0.41185,126.19,-0.176,-0.4042,0.89758,-108.85,0,0,0,1
0.98409,-0.075433,0.16084,40.633,0.00175,0.90942,0.41586,126.65,-0.17767,-0.40891,0.89511,-110.5,0,0,0,1
0.98379,-0.072835,0.1639,41.869,-0.0028291,0.90759,0.41985,127.22,-0.17921,-0.41349,0.8927,-112.08,0,0,0,1
0.98348,-0.070985,0.16652,42.893,-0.0065377,0.90572,0.42383,127.89,-0.18063,-0.41794,0.89033,-113.59,0,0,0,1
0.98318,-0.069872,0.16872,43.715,-0.0093883,0.90383,0.4278,128.68,-0.182,-0.42224,0.88802,-115.04,0,0,0,1
0.98289,-0.069434,0.17058,44.366,-0.01146,0.90193,0.43175,129.57,-0.18337,-0.42638,0.88575,-116.44,0,0,0,1
0.9826,-0.069569,0.1722,44.887,-0.012885,0.90003,0.43568,130.52,-0.18482,-0.43038,0.88351,-117.8,0,0,0,1
0.98229,-0.070147,0.1737,45.33,-0.013834,0.89813,0.43955,131.52,-0.18639,-0.43423,0.88129,-119.15,0,0,0,1
0.98196,-0.071026,0.17522,45.748,-0.014497,0.89624,0.44337,132.53,-0.18816,-0.43796,0.87907,-120.49,0,0,0,1
0.98159,-0.072068,0.17689,46.195,-0.015061,0.89436,0.44712,133.51,-0.19016,-0.44158,0.87683,-121.85,0,0,0,1
0.98116,-0.073152,0.17881,46.712,-0.015694,0.8925,0.45079,134.46,-0.19244,-0.44511,0.87455,-123.24,0,0,0,1
0.98067,-0.074186,0.18108,47.333,-0.016526,0.89066,0.45439,135.34,-0.19501,-0.44856,0.87221,-124.68,0,0,0,1
0.9801,-0.075115,0.18372,48.076,-0.017642,0.88883,0.4579,136.15,-0.19787,-0.45197,0.86981,-126.16,0,0,0,1
0.97947,-0.075922,0.18677,48.943,-0.019074,0.88701,0.46134,136.88,-0.201,-0.45534,0.86734,-127.7,0,0,0,1
0.97875,-0.076626,0.19019,49.921,-0.020807,0.8852,0.46472,137.55,-0.20437,-0.45869,0.86479,-129.3,0,0,0,1
0.97797,-0.077274,0.19393,50.99,-0.022782,0.88339,0.46804,138.17,-0.20794,-0.46202,0.86216,-130.94,0,0,0,1
0.97712,-0.077931,0.19791,52.118,-0.024911,0.88159,0.47131,138.75,-0.21167,-0.46533,0.85947,-132.63,0,0,0,1
0.97622,-0.078663,0.20205,53.274,-0.027096,0.87979,0.47454,139.31,-0.21551,-0.46861,0.85673,-134.35,0,0,0,1
0.97527,-0.079528,0.20626,54.43,-0.029243,0.878,0.47773,139.86,-0.21942,-0.47184,0.85396,-136.09,0,0,0,1
0.97428,-0.080562,0.21046,55.562,-0.031278,0.87623,0.48086,140.43,-0.22336,-0.47501,0.85117,-137.83,0,0,0,1
0.97328,-0.081769,0.21462,56.661,-0.033162,0.87447,0.48394,141.01,-0.22731,-0.47808,0.84838,-139.57,0,0,0,1
0.97226,-0.083115,0.21868,57.726,-0.034897,0.87275,0.48693,141.59,-0.23125,-0.48105,0.84563,-141.28,0,0,0,1
0.97123,-0.084534,0.22267,58.771,-0.036528,0.87107,0.48981,142.17,-0.23515,-0.48388,0.84292,-142.97,0,0,0,1
0.97021,-0.085927,0.22659,59.817,-0.038139,0.86946,0.49256,142.73,-0.23902,-0.48658,0.84027,-144.63,0,0,0,1
0.96918,-0.087174,0.23048,60.895,-0.039842,0.86792,0.49514,143.25,-0.24282,-0.48913,0.8377,-146.24,0,0,0,1
0.96815,-0.088149,0.2344,62.034,-0.04176,0.86646,0.49752,143.69,-0.24655,-0.49154,0.83519,-147.82,0,0,0,1
0.96712,-0.088732,0.23839,63.26,-0.044015,0.8651,0.49969,144.04,-0.25019,-0.49382,0.83277,-149.34,0,0,0,1
0.96609,-0.088825,0.24248,64.592,-0.046703,0.86384,0.50162,144.28,-0.25371,-0.49599,0.83042,-150.82,0,0,0,1
0.96506,-0.088364,0.24669,66.036,-0.049885,0.86267,0.50332,144.4,-0.25706,-0.49807,0.82814,-152.26,0,0,0,1
0.96404,-0.087329,0.25099,67.581,-0.053572,0.86158,0.5048,144.38,-0.26022,-0.5001,0.82595,-153.64,0,0,0,1
0.96303,-0.085745,0.25535,69.202,-0.05772,0.86056,0.50608,144.25,-0.26314,-0.50208,0.82383,-154.96,0,0,0,1
0.96204,-0.083685,0.25967,70.857,-0.06223,0.85958,0.5072,144.01,-0.26577,-0.50405,0.82179,-156.22,0,0,0,1
0.9611,-0.081262,0.26386,72.496,-0.066956,0.85865,0.50819,143.69,-0.26806,-0.50601,0.81984,-157.41,0,0,0,1
0.96023,-0.078618,0.26779,74.058,-0.071717,0.85772,0.5091,143.33,-0.26998,-0.50796,0.81801,-158.51,0,0,0,1
0.95945,-0.075911,0.27132,75.481,-0.076313,0.85681,0.50997,142.96,-0.27149,-0.50991,0.8163,-159.51,0,0,0,1
0.9588,-0.0733,0.27434,76.709,-0.080543,0.8559,0.51085,142.61,-0.27256,-0.51182,0.81474,-160.39,0,0,0,1
0.9583,-0.070928,0.27671,77.691,-0.084222,0.85499,0.51175,142.33,-0.27318,-0.51368,0.81337,-161.15,0,0,0,1
0.95797,-0.068911,0.27835,78.389,-0.087197,0.85412,0.5127,142.13,-0.27334,-0.51544,0.81222,-161.75,0,0,0,1
0.95785,-0.067327,0.27918,78.779,-0.089359,0.85329,0.51367,142.03,-0.27303,-0.51705,0.81131,-162.2,0,0,0,1
0.95794,-0.066217,0.27916,78.85,-0.090643,0.85254,0.51467,142.05,-0.27225,-0.51846,0.81068,-162.47,0,0,0,1
0.95824,-0.06558,0.27827,78.602,-0.091033,0.8519,0.51564,142.18,-0.27101,-0.51964,0.81035,-162.55,0,0,0,1
0.95877,-0.065382,0.27651,78.048,-0.090557,0.85137,0.51657,142.4,-0.26929,-0.52054,0.81035,-162.43,0,0,0,1
0.95951,-0.065566,0.27391,77.206,-0.089273,0.851,0.5174,142.71,-0.2671,-0.52115,0.81069,-162.12,0,0,0,1
0.96044,-0.066053,0.27051,76.1,-0.087265,0.85078,0.51811,143.09,-0.26441,-0.52145,0.81137,-161.6,0,0,0,1
0.96155,-0.066759,0.26636,74.757,-0.084634,0.85073,0.51867,143.52,-0.26124,-0.52144,0.81237,-160.89,0,0,0,1
0.96282,-0.067599,0.26154,73.207,-0.081483,0.85082,0.51906,143.97,-0.25757,-0.52115,0.81369,-159.98,0,0,0,1
0.96422,-0.068495,0.25612,71.48,-0.077917,0.85107,0.51926,144.44,-0.25343,-0.5206,0.81529,-158.91,0,0,0,1
0.96573,-0.069377,0.25021,69.61,-0.074033,0.85145,0.51928,144.9,-0.24885,-0.51982,0.81714,-157.67,0,0,0,1
0.96729,-0.070187,0.24391,67.631,-0.069924,0.85196,0.51908,145.34,-0.2439,-0.51883,0.81919,-156.31,0,0,0,1
0.9689,-0.070879,0.23734,65.582,-0.065674,0.85259,0.51868,145.74,-0.23864,-0.51766,0.82142,-154.84,0,0,0,1
0.9705,-0.071413,0.23064,63.504,-0.061368,0.85333,0.51803,146.08,-0.23318,-0.51632,0.82377,-153.28,0,0,0,1
0.97206,-0.07175,0.22396,61.445,-0.057091,0.8542,0.5171,146.33,-0.22765,-0.5148,0.82622,-151.65,0,0,0,1
0.97354,-0.07185,0.21744,59.452,-0.052936,0.85521,0.51585,146.48,-0.22218,-0.51309,0.82877,-149.98,0,0,0,1
0.97493,-0.071663,0.21123,57.576,-0.04901,0.85641,0.5142,146.49,-0.21688,-0.51112,0.83141,-148.26,0,0,0,1
0.9762,-0.071131,0.20545,55.868,-0.045426,0.85783,0.51207,146.33,-0.21187,-0.50884,0.83415,-146.49,0,0,0,1
0.97734,-0.070183,0.20021,54.368,-0.042307,0.85952,0.50938,145.96,-0.20721,-0.50615,0.83704,-144.66,0,0,0,1
0.97836,-0.06874,0.19554,53.108,-0.039769,0.86156,0.506,145.34,-0.20292,-0.50294,0.84014,-142.74,0,0,0,1
0.97926,-0.066728,0.19146,52.099,-0.037906,0.864,0.50183,144.43,-0.19895,-0.4991,0.8435,-140.67,0,0,0,1
0.98008,-0.064087,0.18786,51.327,-0.036771,0.8669,0.49676,143.2,-0.19518,-0.49447,0.84723,-138.41,0,0,0,1
0.98086,-0.060785,0.18458,50.748,-0.036359,0.87032,0.49069,141.63,-0.19143,-0.48893,0.85141,-135.88,0,0,0,1
0.98164,-0.056836,0.18138,50.288,-0.036584,0.87429,0.48352,139.71,-0.18744,-0.48235,0.85613,-133.01,0,0,0,1
0.98248,-0.052308,0.17794,49.837,-0.037276,0.87881,0.47521,137.44,-0.18294,-0.47462,0.86145,-129.74,0,0,0,1
0.98342,-0.047337,0.17389,49.267,-0.03818,0.88387,0.46572,134.83,-0.17762,-0.46565,0.86744,-126,0,0,0,1
0.98453,-0.042121,0.16887,48.429,-0.038971,0.88942,0.45508,131.94,-0.17121,-0.45542,0.87408,-121.75,0,0,0,1
0.98581,-0.036914,0.16253,47.177,-0.039278,0.89539,0.44336,128.82,-0.16349,-0.44394,0.88134,-117.01,0,0,0,1
0.98729,-0.032005,0.15458,45.381,-0.038725,0.90166,0.43067,125.54,-0.15434,-0.43131,0.8891,-111.8,0,0,0,1
0.98894,-0.027694,0.14488,42.944,-0.036973,0.90813,0.41719,122.18,-0.14376,-0.4177,0.89722,-106.2,0,0,0,1
0.9907,-0.024249,0.13341,39.819,-0.033771,0.91462,0.40313,118.81,-0.13185,-0.40336,0.90546,-100.33,0,0,0,1
0.99248,-0.021876,0.12035,36.025,-0.028993,0.92101,0.38874,115.53,-0.11887,-0.38861,0.9136,-94.355,0,0,0,1
0.99419,-0.020681,0.10604,31.648,-0.022678,0.92713,0.37432,112.39,-0.10519,-0.37383,0.92137,-88.437,0,0,0,1
0.99572,-0.020656,0.090965,26.839,-0.015034,0.93284,0.36015,109.46,-0.091263,-0.35942,0.92855,-82.758,0,0,0,1
0.99699,-0.021668,0.075716,21.804,-0.0064262,0.93802,0.34658,106.78,-0.077581,-0.34579,0.93497,-77.477,0,0,0,1
0.99796,-0.023485,0.060922,16.777,0.0026601,0.94259,0.33391,104.38,-0.064634,-0.33329,0.94052,-72.726,0,0,0,1
