0.99042,0.014774,0.13733,15.178,-0.054209,0.95576,0.28906,19.959,-0.12701,-0.29378,0.94741,-54.18,0,0,0,1
0.9901,0.017348,0.13933,15.669,-0.057225,0.95518,0.2903,19.889,-0.12838,-0.29535,0.94675,-54.501,0,0,0,1
0.98979,0.019933,0.1412,16.155,-0.060205,0.95473,0.29113,19.805,-0.12959,-0.29655,0.94623,-54.75,0,0,0,1
0.98951,0.022469,0.14273,16.61,-0.063004,0.95453,0.29119,19.695,-0.13046,-0.29699,0.94597,-54.847,0,0,0,1
0.98931,0.02489,0.1437,17.007,-0.065474,0.95468,0.29019,19.548,-0.13082,-0.29633,0.94613,-54.721,0,0,0,1
0.98921,0.02712,0.14392,17.318,-0.067463,0.95527,0.28785,19.356,-0.13052,-0.29429,0.9468,-54.314,0,0,0,1
0.98924,0.029073,0.14324,17.517,-0.068826,0.95635,0.28401,19.114,-0.12946,-0.29065,0.94805,-53.584,0,0,0,1
0.98942,0.030659,0.14156,17.581,-0.069435,0.95793,0.27861,18.82,-0.1276,-0.28533,0.9499,-52.513,0,0,0,1
0.98976,0.031783,0.13883,17.492,-0.069187,0.95996,0.27168,18.474,-0.12493,-0.27834,0.9523,-51.109,0,0,0,1
0.99025,0.032356,0.13511,17.237,-0.068014,0.96239,0.26336,18.081,-0.1215,-0.26982,0.95517,-49.407,0,0,0,1
0.99087,0.032304,0.13049,16.814,-0.065891,0.96509,0.25392,17.649,-0.11743,-0.26005,0.95838,-47.462,0,0,0,1
0.99158,0.031571,0.12514,16.228,-0.062836,0.96793,0.24369,17.193,-0.11284,-0.24939,0.96175,-45.355,0,0,0,1
0.99236,0.030135,0.11927,15.49,-0.058919,0.97077,0.23312,16.731,-0.10792,-0.2383,0.96512,-43.176,0,0,0,1
0.99316,0.028008,0.11311,14.625,-0.054252,0.97347,0.22267,16.286,-0.10287,-0.22728,0.96833,-41.024,0,0,0,1
0.99394,0.025241,0.10691,13.659,-0.04899,0.97592,0.21283,15.886,-0.097887,-0.21684,0.97124,-38.995,0,0,0,1
0.99466,0.021923,0.10092,12.627,-0.043315,0.97803,0.20404,15.556,-0.093169,-0.20745,0.97377,-37.175,0,0,0,1
0.9953,0.018171,0.095341,11.565,-0.037434,0.97975,0.19669,15.322,-0.088895,-0.19951,0.97584,-35.636,0,0,0,1
0.99584,0.014128,0.090362,10.511,-0.031559,0.98104,0.19108,15.201,-0.085214,-0.19334,0.97742,-34.431,0,0,0,1
0.99626,0.0099457,0.086124,9.5006,-0.0259,0.98191,0.1874,15.203,-0.082239,-0.18912,0.97851,-33.593,0,0,0,1
0.99658,0.0057774,0.082726,8.5659,-0.020648,0.98235,0.18571,15.331,-0.080041,-0.18695,0.97912,-33.132,0,0,0,1
0.99679,0.0017642,0.080224,7.734,-0.015964,0.98238,0.18599,15.576,-0.078649,-0.18679,0.97927,-33.044,0,0,0,1
0.9969,-0.001973,0.078634,7.0253,-0.011972,0.98204,0.18811,15.926,-0.078049,-0.18852,0.97899,-33.306,0,0,0,1
0.99694,-0.0053395,0.077932,6.453,-0.0087531,0.98136,0.19187,16.36,-0.078192,-0.19194,0.97832,-33.885,0,0,0,1
0.9969,-0.0082706,0.078063,6.023,-0.0063402,0.98037,0.19702,16.854,-0.078998,-0.1968,0.97729,-34.737,0,0,0,1
0.9968,-0.010732,0.078939,5.7336,-0.0047237,0.97911,0.20326,17.387,-0.080366,-0.20282,0.97594,-35.815,0,0,0,1
0.99665,-0.012718,0.080455,5.577,-0.0038551,0.97763,0.21033,17.935,-0.082189,-0.20973,0.97432,-37.069,0,0,0,1
0.99646,-0.014244,0.082492,5.5405,-0.0036569,0.97597,0.21793,18.48,-0.084354,-0.21724,0.97248,-38.449,0,0,0,1
0.99625,-0.015345,0.084929,5.6082,-0.0040333,0.97418,0.22582,19.007,-0.086762,-0.22511,0.97047,-39.909,0,0,0,1
0.99601,-0.016065,0.087651,5.7628,-0.0048815,0.9723,0.23379,19.503,-0.089325,-0.23311,0.96833,-41.411,0,0,0,1
0.99575,-0.016453,0.090557,5.9875,-0.0061011,0.97036,0.24166,19.962,-0.091975,-0.24106,0.96613,-42.918,0,0,0,1
0.99547,-0.016561,0.093566,6.2663,-0.0076014,0.96841,0.24932,20.38,-0.094661,-0.24882,0.9639,-44.404,0,0,0,1
0.99519,-0.016436,0.096611,6.5853,-0.0093046,0.96647,0.25667,20.755,-0.097345,-0.2563,0.96166,-45.85,0,0,0,1
0.9949,-0.016127,0.099646,6.9323,-0.011146,0.96456,0.26365,21.091,-0.1,-0.26343,0.95946,-47.242,0,0,0,1
0.99461,-0.015676,0.10263,7.2966,-0.013075,0.96271,0.27025,21.388,-0.10261,-0.27019,0.95731,-48.572,0,0,0,1
0.99431,-0.015123,0.10555,7.6687,-0.015047,0.9609,0.27647,21.653,-0.10516,-0.27657,0.95521,-49.837,0,0,0,1
0.99402,-0.014508,0.10835,8.0399,-0.017027,0.95916,0.28233,21.891,-0.10761,-0.28259,0.95318,-51.037,0,0,0,1
0.99373,-0.013865,0.11104,8.4022,-0.018982,0.95748,0.28787,22.106,-0.10995,-0.28827,0.95121,-52.173,0,0,0,1
0.99345,-0.013223,0.11357,8.7479,-0.020884,0.95584,0.2931,22.304,-0.11216,-0.29365,0.94931,-53.25,0,0,0,1
0.99319,-0.012609,0.11592,9.0702,-0.022707,0.95426,0.29809,22.489,-0.11419,-0.29876,0.94748,-54.271,0,0,0,1
0.99294,-0.012041,0.11806,9.3634,-0.024429,0.95272,0.30284,22.667,-0.11603,-0.30364,0.9457,-55.239,0,0,0,1
0.99271,-0.011533,0.11998,9.6231,-0.026033,0.95121,0.3074,22.838,-0.11766,-0.30832,0.94399,-56.158,0,0,0,1
0.99251,-0.01109,0.12165,9.8465,-0.027507,0.94975,0.31178,23.006,-0.11905,-0.3128,0.94233,-57.028,0,0,0,1
0.99234,-0.01071,0.12307,10.033,-0.028845,0.94832,0.31599,23.172,-0.12019,-0.31711,0.94075,-57.851,0,0,0,1
0.9922,-0.010387,0.12423,10.182,-0.030047,0.94693,0.32003,23.334,-0.12108,-0.32125,0.93923,-58.628,0,0,0,1
0.99209,-0.010115,0.12514,10.297,-0.031117,0.94558,0.32391,23.492,-0.12174,-0.32521,0.93778,-59.359,0,0,0,1
0.992,-0.0098845,0.12582,10.381,-0.032061,0.94427,0.3276,23.645,-0.12218,-0.32898,0.9364,-60.044,0,0,0,1
0.99194,-0.0096915,0.12631,10.437,-0.032887,0.94302,0.3311,23.792,-0.12244,-0.33255,0.9351,-60.683,0,0,0,1
0.9919,-0.0095359,0.12665,10.47,-0.033602,0.94184,0.3344,23.932,-0.12257,-0.33591,0.93388,-61.276,0,0,0,1
0.99187,-0.0094239,0.12687,10.483,-0.034211,0.94072,0.33748,24.062,-0.12261,-0.33904,0.93275,-61.826,0,0,0,1
0.99185,-0.0093676,0.12705,10.481,-0.034718,0.93967,0.34033,24.182,-0.12263,-0.34194,0.93169,-62.334,0,0,0,1
0.99183,-0.0093837,0.12723,10.466,-0.035124,0.9387,0.34295,24.292,-0.12269,-0.34459,0.9307,-62.805,0,0,0,1
0.9918,-0.0094923,0.12747,10.442,-0.03543,0.93781,0.34535,24.392,-0.12285,-0.34701,0.92978,-63.242,0,0,0,1
0.99175,-0.0097144,0.12783,10.409,-0.035639,0.93699,0.34753,24.481,-0.12317,-0.3492,0.92892,-63.652,0,0,0,1
0.99168,-0.01007,0.12834,10.371,-0.03575,0.93625,0.34951,24.562,-0.1237,-0.35118,0.9281,-64.041,0,0,0,1
0.99158,-0.010576,0.12906,10.329,-0.035768,0.93557,0.35132,24.635,-0.12447,-0.35297,0.92732,-64.416,0,0,0,1
0.99145,-0.011244,0.13,10.283,-0.035699,0.93494,0.35299,24.702,-0.12552,-0.35461,0.92656,-64.786,0,0,0,1
0.99128,-0.012077,0.13118,10.234,-0.035552,0.93436,0.35455,24.765,-0.12686,-0.35612,0.92579,-65.158,0,0,0,1
0.99108,-0.013071,0.13262,10.186,-0.035343,0.9338,0.35605,24.825,-0.1285,-0.35756,0.92501,-65.539,0,0,0,1
0.99083,-0.014209,0.13431,10.141,-0.035095,0.93325,0.35751,24.884,-0.13042,-0.35895,0.9242,-65.936,0,0,0,1
0.99055,-0.015462,0.13625,10.104,-0.03484,0.9327,0.35898,24.942,-0.13261,-0.36035,0.92335,-66.354,0,0,0,1
0.99023,-0.016786,0.13843,10.08,-0.034621,0.93213,0.36049,25.001,-0.13505,-0.36178,0.92243,-66.798,0,0,0,1
0.98986,-0.018125,0.14085,10.08,-0.034493,0.93152,0.36205,25.058,-0.1377,-0.36327,0.92145,-67.272,0,0,0,1
0.98946,-0.019411,0.1435,10.113,-0.034521,0.93088,0.3637,25.114,-0.14055,-0.36486,0.92039,-67.775,0,0,0,1
0.98902,-0.020562,0.14636,10.192,-0.03478,0.93019,0.36543,25.164,-0.14356,-0.36656,0.91925,-68.31,0,0,0,1
0.98854,-0.021491,0.14945,10.331,-0.03535,0.92945,0.36726,25.205,-0.14668,-0.36839,0.91802,-68.874,0,0,0,1
0.98802,-0.022107,0.15274,10.543,-0.036313,0.92865,0.36917,25.231,-0.14988,-0.37035,0.91672,-69.464,0,0,0,1
0.98748,-0.022321,0.15623,10.839,-0.037747,0.9278,0.37115,25.239,-0.15311,-0.37246,0.91533,-70.077,0,0,0,1
0.9869,-0.022052,0.15988,11.23,-0.039719,0.9269,0.37318,25.221,-0.15631,-0.3747,0.91387,-70.708,0,0,0,1
0.9863,-0.021234,0.16367,11.722,-0.042277,0.92594,0.37526,25.174,-0.15943,-0.37709,0.91235,-71.352,0,0,0,1
0.98569,-0.019819,0.16754,12.315,-0.045447,0.92493,0.37736,25.093,-0.16239,-0.37961,0.91078,-72.004,0,0,0,1
0.98506,-0.017788,0.17142,13.005,-0.049224,0.92387,0.37948,24.975,-0.16511,-0.38226,0.90918,-72.657,0,0,0,1
0.98443,-0.015148,0.17522,13.78,-0.053572,0.92275,0.3816,24.821,-0.16752,-0.38504,0.90757,-73.306,0,0,0,1
0.98382,-0.011939,0.17887,14.624,-0.058421,0.92158,0.38373,24.63,-0.16953,-0.38794,0.90596,-73.946,0,0,0,1
0.98323,-0.0082348,0.18225,15.513,-0.063666,0.92034,0.38588,24.409,-0.17107,-0.39095,0.90437,-74.572,0,0,0,1
0.98268,-0.0041381,0.18528,16.423,-0.069174,0.91903,0.38806,24.163,-0.17209,-0.39407,0.90283,-75.181,0,0,0,1
0.98219,0.00021813,0.18786,17.322,-0.074784,0.91766,0.39029,23.902,-0.17255,-0.39728,0.90133,-75.769,0,0,0,1
0.98176,0.0046786,0.18993,18.18,-0.080321,0.91622,0.39259,23.638,-0.17243,-0.40057,0.8999,-76.334,0,0,0,1
0.98142,0.0090723,0.19146,18.968,-0.0856,0.91472,0.39499,23.384,-0.17178,-0.40392,0.89853,-76.879,0,0,0,1
0.98117,0.013223,0.19242,19.659,-0.090445,0.91318,0.39749,23.152,-0.17066,-0.40729,0.89723,-77.403,0,0,0,1
0.98101,0.016958,0.19285,20.232,-0.094693,0.91161,0.40011,22.957,-0.16917,-0.41067,0.89597,-77.911,0,0,0,1
0.98095,0.020124,0.19283,20.67,-0.098213,0.91003,0.40285,22.809,-0.16746,-0.41403,0.89476,-78.407,0,0,0,1
0.98097,0.022589,0.19246,20.967,-0.10091,0.90847,0.40569,22.717,-0.16568,-0.41732,0.89356,-78.899,0,0,0,1
0.98106,0.02426,0.19186,21.122,-0.10275,0.90695,0.4086,22.686,-0.16402,-0.42054,0.89236,-79.392,0,0,0,1
0.98119,0.025084,0.19119,21.145,-0.10372,0.90549,0.41157,22.716,-0.16264,-0.42364,0.89113,-79.894,0,0,0,1
0.98133,0.02505,0.19061,21.049,-0.10389,0.9041,0.41455,22.806,-0.16173,-0.42662,0.88985,-80.412,0,0,0,1
0.98145,0.024192,0.19025,20.856,-0.10335,0.90278,0.41753,22.947,-0.1614,-0.42947,0.88852,-80.952,0,0,0,1
0.98152,0.022583,0.19024,20.59,-0.10223,0.90154,0.42047,23.131,-0.16174,-0.43218,0.88711,-81.518,0,0,0,1
0.98152,0.020326,0.19066,20.273,-0.10068,0.90036,0.42337,23.346,-0.16278,-0.43477,0.88561,-82.114,0,0,0,1
0.98143,0.017548,0.19156,19.929,-0.098856,0.89922,0.42622,23.579,-0.16452,-0.43725,0.88403,-82.738,0,0,0,1
0.98125,0.014386,0.1929,19.578,-0.096903,0.89811,0.42901,23.819,-0.16686,-0.43965,0.88236,-83.39,0,0,0,1
0.98097,0.010975,0.19463,19.232,-0.094944,0.89701,0.43175,24.055,-0.16968,-0.44198,0.88064,-84.064,0,0,0,1
0.9806,0.0074413,0.19664,18.899,-0.093072,0.89589,0.43447,24.281,-0.17281,-0.44429,0.87886,-84.754,0,0,0,1
0.98018,0.0038929,0.19876,18.581,-0.091342,0.89475,0.43717,24.492,-0.17606,-0.44659,0.87706,-85.452,0,0,0,1
0.97974,0.00041509,0.20084,18.273,-0.089771,0.89357,0.43989,24.686,-0.17925,-0.44891,0.87527,-86.15,0,0,0,1
0.9793,-0.0029306,0.2027,17.969,-0.088346,0.89233,0.44264,24.865,-0.18219,-0.45129,0.87352,-86.84,0,0,0,1
0.97891,-0.0061055,0.20419,17.659,-0.087027,0.89104,0.44545,25.032,-0.18472,-0.45373,0.87181,-87.515,0,0,0,1
0.97859,-0.009091,0.2052,17.335,-0.085761,0.8897,0.44832,25.191,-0.18675,-0.45624,0.87019,-88.171,0,0,0,1
0.97838,-0.011885,0.20567,16.994,-0.08449,0.88831,0.45125,25.347,-0.18823,-0.45882,0.86863,-88.804,0,0,0,1
0.97827,-0.014499,0.20561,16.633,-0.083161,0.88689,0.45424,25.504,-0.18918,-0.46145,0.86716,-89.414,0,0,0,1
0.97827,-0.016956,0.20507,16.256,-0.081731,0.88546,0.45724,25.665,-0.18967,-0.46408,0.86575,-90.001,0,0,0,1
0.97835,-0.019287,0.20421,15.872,-0.080173,0.88405,0.4602,25.83,-0.18984,-0.46667,0.86439,-90.563,0,0,0,1
0.9785,-0.02153,0.2032,15.491,-0.078474,0.88273,0.46302,26,-0.18986,-0.46912,0.86308,-91.098,0,0,0,1
0.97866,-0.023732,0.20225,15.125,-0.076633,0.88154,0.46562,26.173,-0.18994,-0.47133,0.86183,-91.599,0,0,0,1
0.97881,-0.025944,0.20157,14.784,-0.074654,0.88054,0.46788,26.345,-0.19026,-0.47318,0.86063,-92.054,0,0,0,1
0.9789,-0.02822,0.20136,14.477,-0.072541,0.87982,0.46965,26.511,-0.19101,-0.47453,0.85955,-92.446,0,0,0,1
0.97891,-0.030607,0.20176,14.205,-0.070295,0.87945,0.47081,26.669,-0.19232,-0.47523,0.85863,-92.75,0,0,0,1
0.9788,-0.033145,0.20281,13.964,-0.067909,0.87949,0.47121,26.812,-0.19425,-0.47513,0.85796,-92.937,0,0,0,1
0.97858,-0.035854,0.20449,13.745,-0.065369,0.88001,0.47073,26.937,-0.19679,-0.47409,0.85763,-92.973,0,0,0,1
0.97823,-0.038728,0.20668,13.534,-0.06266,0.88106,0.46925,27.038,-0.19985,-0.472,0.85775,-92.823,0,0,0,1
0.97779,-0.041725,0.20914,13.312,-0.059771,0.88267,0.46669,27.11,-0.20324,-0.46876,0.85845,-92.45,0,0,0,1
0.97727,-0.044765,0.2116,13.063,-0.056708,0.88484,0.46299,27.148,-0.2067,-0.46432,0.85985,-91.819,0,0,0,1
0.97673,-0.047724,0.21371,12.773,-0.053499,0.88757,0.4581,27.146,-0.20995,-0.45865,0.86203,-90.901,0,0,0,1
0.97624,-0.05044,0.21513,12.437,-0.050199,0.89085,0.45201,27.098,-0.21263,-0.45177,0.8651,-89.673,0,0,0,1
0.97585,-0.052715,0.21555,12.057,-0.046896,0.89463,0.44472,26.996,-0.21442,-0.44371,0.86907,-88.122,0,0,0,1
0.97566,-0.054332,0.2147,11.648,-0.043703,0.89888,0.43626,26.835,-0.21502,-0.43453,0.87394,-86.246,0,0,0,1
0.97573,-0.055064,0.21243,11.235,-0.040751,0.90355,0.42664,26.608,-0.21419,-0.42432,0.87964,-84.058,0,0,0,1
0.97612,-0.054708,0.20872,10.851,-0.038177,0.90858,0.41593,26.309,-0.2118,-0.41319,0.88604,-81.583,0,0,0,1
0.97687,-0.053103,0.20365,10.534,-0.036102,0.91391,0.40419,25.935,-0.20778,-0.40125,0.89295,-78.86,0,0,0,1
0.97797,-0.050168,0.19742,10.322,-0.034616,0.91944,0.39156,25.484,-0.2022,-0.38866,0.90014,-75.944,0,0,0,1
0.9794,-0.045924,0.19034,10.239,-0.033764,0.92506,0.37822,24.958,-0.19521,-0.37561,0.90738,-72.902,0,0,0,1
0.98108,-0.040504,0.18274,10.298,-0.033537,0.93064,0.36442,24.365,-0.18707,-0.36235,0.91441,-69.812,0,0,0,1
0.98292,-0.034156,0.17501,10.495,-0.033872,0.93602,0.35051,23.719,-0.1781,-0.34917,0.92103,-66.757,0,0,0,1
0.98481,-0.027207,0.16746,10.807,-0.034664,0.94107,0.33684,23.04,-0.16868,-0.3364,0.92708,-63.823,0,0,0,1
0.98664,-0.02003,0.16038,11.202,-0.035778,0.94566,0.32381,22.353,-0.1592,-0.32436,0.93244,-61.087,0,0,0,1
0.98833,-0.012997,0.15398,11.64,-0.037073,0.94971,0.31178,21.686,-0.15003,-0.31336,0.93705,-58.614,0,0,0,1
